#####################################################################
# Alchemist log file - simulation started at: 2025-03-20T15:40+0000 #
#####################################################################
#
# seed = 36.0
#
# The columns have the following meaning: 
# time nodes network-hub-xCoord network-hub-yCoord number-of-leaves network-density network-diameter nodes-degree[max] nodes-degree[mean] nodes-degree[variance] nodes-degree[median] nodes-degree[StandardDeviation] children-count[max] children-count[mean] children-count[variance] children-count[median] children-count[StandardDeviation] local-success[max] local-success[mean] local-success[variance] local-success[median] local-success[StandardDeviation] resource[max] resource[mean] resource[variance] resource[median] resource[StandardDeviation] success[max] success[mean] success[variance] success[median] success[StandardDeviation] 
0.0 1 10.0 10.0 1.0 NaN 0.0 0.0 0.0 0.0 0.0 0.0 0.00 0.00 0.00 0.00 0.00 NaN NaN NaN NaN NaN 500 500 0.00 500 0.00 NaN NaN NaN NaN NaN
0.41203697937360517 4 10.671290893343503 12.046038620306309 3.0 0.10779652248162057 2.0 3.0 2.0 0.67 2.0 0.82 3.00 0.750 2.25 0.00 1.50 0.101 0.101 0.00 0.101 0.00 450 113 5.06e+04 0.00 225 0.101 0.101 0.00 0.101 0.00
1.4120369793736052 4 10.671290893343503 12.046038620306309 3.0 0.10779652248162057 2.0 3.0 2.0 0.67 2.0 0.82 3.00 0.750 2.25 0.00 1.50 0.140 0.113 0.000329 0.105 0.0181 1.90e+03 1.31e+03 3.75e+05 1.44e+03 613 0.176 0.132 0.00113 0.123 0.0336
2.412036979373605 4 10.671290893343503 12.046038620306309 3.0 0.10779652248162057 2.0 3.0 2.0 0.67 2.0 0.82 3.00 0.750 2.25 0.00 1.50 0.140 0.113 0.000329 0.105 0.0181 1.71e+03 1.19e+03 2.81e+05 1.29e+03 530 0.176 0.132 0.00113 0.123 0.0336
3.412036979373605 7 12.357634740797357 14.804808183228117 5.0 0.07126280907662566 3.0 5.0 2.9 1.5 3.0 1.2 3.00 0.857 2.14 0.00 1.46 1.74 0.510 0.383 0.140 0.619 1.71e+03 679 5.44e+05 450 737 1.74 0.521 0.374 0.176 0.612
4.412036979373605 7 12.357634740797357 14.804808183228117 5.0 0.07126280907662566 3.0 5.0 2.9 1.5 3.0 1.2 3.00 0.857 2.14 0.00 1.46 1.74 0.510 0.383 0.140 0.619 2.08e+03 404 5.72e+05 146 756 1.74 0.839 0.441 0.888 0.664
5.412036979373605 7 12.357634740797357 14.804808183228117 5.0 0.07126280907662566 3.0 5.0 2.9 1.5 3.0 1.2 3.00 0.857 2.14 0.00 1.46 1.74 0.510 0.383 0.140 0.619 8.84e+04 2.29e+04 1.13e+09 1.87e+03 3.36e+04 1.74 0.839 0.441 0.888 0.664
6.412036979373605 7 12.357634740797357 14.804808183228117 5.0 0.07126280907662566 3.0 5.0 2.9 1.5 3.0 1.2 3.00 0.857 2.14 0.00 1.46 1.74 0.510 0.383 0.140 0.619 8.84e+04 2.29e+04 1.13e+09 1.87e+03 3.36e+04 1.74 0.839 0.441 0.888 0.664
7.412036979373605 10 11.753378810732617 17.324306813823892 7.0 0.06568259175742011 4.0 6.0 3.2 2.0 3.0 1.4 3.00 0.900 2.10 0.00 1.45 25.0 6.09 97.2 0.688 9.86 8.84e+04 1.61e+04 8.75e+08 292 2.96e+04 25.0 6.32 94.4 1.27 9.72
8.412036979373605 10 11.753378810732617 17.324306813823892 7.0 0.06568259175742011 4.0 6.0 3.2 2.0 3.0 1.4 3.00 0.900 2.10 0.00 1.45 25.0 6.09 97.2 0.688 9.86 8.84e+04 1.61e+04 8.75e+08 292 2.96e+04 57.3 11.9 347 1.27 18.6
9.412036979373605 10 11.753378810732617 17.324306813823892 7.0 0.06568259175742011 4.0 6.0 3.2 2.0 3.0 1.4 3.00 0.900 2.10 0.00 1.45 25.0 6.09 97.2 0.688 9.86 8.84e+04 1.66e+04 8.61e+08 239 2.93e+04 57.3 16.2 341 12.3 18.5
10.412036979373605 10 11.753378810732617 17.324306813823892 7.0 0.06568259175742011 4.0 6.0 3.2 2.0 3.0 1.4 3.00 0.900 2.10 0.00 1.45 25.0 6.09 97.2 0.688 9.86 1.28e+08 2.85e+07 2.61e+15 4.26e+03 5.11e+07 57.3 16.2 341 12.3 18.5
11.412036979373605 10 11.753378810732617 17.324306813823892 7.0 0.06568259175742011 4.0 6.0 3.2 2.0 3.0 1.4 3.00 0.900 2.10 0.00 1.45 25.0 6.09 97.2 0.688 9.86 1.28e+08 2.85e+07 2.61e+15 4.26e+03 5.11e+07 57.3 16.2 341 12.3 18.5
12.412036979373605 10 11.753378810732617 17.324306813823892 7.0 0.06568259175742011 4.0 6.0 3.2 2.0 3.0 1.4 3.00 0.900 2.10 0.00 1.45 25.0 6.09 97.2 0.688 9.86 1.28e+08 2.85e+07 2.61e+15 4.26e+03 5.11e+07 57.3 16.2 341 12.3 18.5
13.412036979373605 13 12.900661033597999 19.213456409891872 9.0 0.0665426446520557 5.0 6.0 3.4 2.1 3.0 1.4 3.00 0.923 2.08 0.00 1.44 33.1 9.77 144 1.74 12.0 1.28e+08 2.19e+07 2.11e+15 1.02e+03 4.60e+07 57.3 17.6 285 15.4 16.9
14.412036979373605 13 12.900661033597999 19.213456409891872 9.0 0.0665426446520557 5.0 6.0 3.4 2.1 3.0 1.4 3.00 0.923 2.08 0.00 1.44 33.1 9.77 144 1.74 12.0 1.28e+08 2.19e+07 2.11e+15 1.02e+03 4.60e+07 66.1 20.7 466 15.4 21.6
15.412036979373605 13 12.900661033597999 19.213456409891872 9.0 0.0665426446520557 5.0 6.0 3.4 2.1 3.0 1.4 3.00 0.923 2.08 0.00 1.44 33.1 9.77 144 1.74 12.0 1.28e+08 2.19e+07 2.11e+15 1.02e+03 4.60e+07 98.4 23.9 846 15.4 29.1
16.412036979373603 13 12.900661033597999 19.213456409891872 9.0 0.0665426446520557 5.0 6.0 3.4 2.1 3.0 1.4 3.00 0.923 2.08 0.00 1.44 33.1 9.77 144 1.74 12.0 1.28e+08 2.19e+07 2.11e+15 800 4.60e+07 98.4 26.3 896 23.0 29.9
17.412036979373603 13 12.900661033597999 19.213456409891872 9.0 0.0665426446520557 5.0 6.0 3.4 2.1 3.0 1.4 3.00 0.923 2.08 0.00 1.44 33.1 9.77 144 1.74 12.0 8.21e+09 8.19e+08 5.33e+18 463 2.31e+09 98.4 26.3 896 23.0 29.9
18.412036979373603 13 12.900661033597999 19.213456409891872 9.0 0.0665426446520557 5.0 6.0 3.4 2.1 3.0 1.4 3.00 0.923 2.08 0.00 1.44 33.1 9.77 144 1.74 12.0 8.21e+09 8.19e+08 5.33e+18 463 2.31e+09 98.4 26.3 896 23.0 29.9
19.412036979373603 13 12.900661033597999 19.213456409891872 9.0 0.0665426446520557 5.0 6.0 3.4 2.1 3.0 1.4 3.00 0.923 2.08 0.00 1.44 33.1 9.77 144 1.74 12.0 8.21e+09 8.19e+08 5.33e+18 463 2.31e+09 98.4 26.3 896 23.0 29.9
20.412036979373603 13 12.900661033597999 19.213456409891872 9.0 0.0665426446520557 5.0 6.0 3.4 2.1 3.0 1.4 3.00 0.923 2.08 0.00 1.44 33.1 9.77 144 1.74 12.0 8.21e+09 8.19e+08 5.33e+18 463 2.31e+09 98.4 26.3 896 23.0 29.9
21.412036979373603 16 13.531307557910791 21.176481959618613 11.0 0.04753824288193383 6.0 6.0 3.4 2.5 3.0 1.6 3.00 0.938 2.06 0.00 1.44 164 28.6 2.80e+03 8.20 53.0 8.21e+09 6.65e+08 4.38e+18 305 2.09e+09 164 42.0 2.91e+03 23.0 54.0
22.412036979373603 16 13.531307557910791 21.176481959618613 11.0 0.04753824288193383 6.0 6.0 3.4 2.5 3.0 1.6 3.00 0.938 2.06 0.00 1.44 164 28.6 2.80e+03 8.20 53.0 8.21e+09 6.65e+08 4.38e+18 305 2.09e+09 330 60.6 8.06e+03 23.0 89.8
23.412036979373603 16 13.531307557910791 21.176481959618613 11.0 0.04753824288193383 6.0 6.0 3.4 2.5 3.0 1.6 3.00 0.938 2.06 0.00 1.44 164 28.6 2.80e+03 8.20 53.0 8.21e+09 6.65e+08 4.38e+18 305 2.09e+09 363 79.1 1.38e+04 23.0 117
24.412036979373603 16 13.531307557910791 21.176481959618613 11.0 0.04753824288193383 6.0 6.0 3.4 2.5 3.0 1.6 3.00 0.938 2.06 0.00 1.44 164 28.6 2.80e+03 8.20 53.0 8.21e+09 6.65e+08 4.38e+18 305 2.09e+09 395 97.7 2.01e+04 23.0 142
25.412036979373603 16 13.531307557910791 21.176481959618613 11.0 0.04753824288193383 6.0 6.0 3.4 2.5 3.0 1.6 3.00 0.938 2.06 0.00 1.44 164 28.6 2.80e+03 8.20 53.0 8.21e+09 6.65e+08 4.38e+18 305 2.09e+09 395 112 2.01e+04 23.0 142
26.412036979373603 16 13.531307557910791 21.176481959618613 11.0 0.04753824288193383 6.0 6.0 3.4 2.5 3.0 1.6 3.00 0.938 2.06 0.00 1.44 164 28.6 2.80e+03 8.20 53.0 4.74e+18 5.58e+17 2.33e+36 1.31e+03 1.53e+18 395 112 2.01e+04 23.0 142
27.412036979373603 16 13.531307557910791 21.176481959618613 11.0 0.04753824288193383 6.0 6.0 3.4 2.5 3.0 1.6 3.00 0.938 2.06 0.00 1.44 164 28.6 2.80e+03 8.20 53.0 4.74e+18 5.58e+17 2.33e+36 1.31e+03 1.53e+18 395 112 2.01e+04 23.0 142
28.412036979373603 16 13.531307557910791 21.176481959618613 11.0 0.04753824288193383 6.0 6.0 3.4 2.5 3.0 1.6 3.00 0.938 2.06 0.00 1.44 164 28.6 2.80e+03 8.20 53.0 4.74e+18 5.58e+17 2.33e+36 1.31e+03 1.53e+18 395 112 2.01e+04 23.0 142
29.412036979373603 16 13.531307557910791 21.176481959618613 11.0 0.04753824288193383 6.0 6.0 3.4 2.5 3.0 1.6 3.00 0.938 2.06 0.00 1.44 164 28.6 2.80e+03 8.20 53.0 4.74e+18 5.58e+17 2.33e+36 1.31e+03 1.53e+18 395 112 2.01e+04 23.0 142
30.412036979373603 16 13.531307557910791 21.176481959618613 11.0 0.04753824288193383 6.0 6.0 3.4 2.5 3.0 1.6 3.00 0.938 2.06 0.00 1.44 164 28.6 2.80e+03 8.20 53.0 4.74e+18 5.58e+17 2.33e+36 1.31e+03 1.53e+18 395 112 2.01e+04 23.0 142
31.412036979373603 19 12.983046056467737 22.73879891811431 13.0 0.04696192940654671 7.0 7.0 3.6 2.6 3.0 1.6 3.00 0.947 2.05 0.00 1.43 285 54.2 7.23e+03 9.92 85.0 4.74e+18 4.70e+17 1.99e+36 450 1.41e+18 395 125 1.88e+04 80.8 137
32.4120369793736 19 12.983046056467737 22.73879891811431 13.0 0.04696192940654671 7.0 7.0 3.6 2.6 3.0 1.6 3.00 0.947 2.05 0.00 1.43 285 54.2 7.23e+03 9.92 85.0 4.74e+18 4.70e+17 1.99e+36 450 1.41e+18 573 146 2.94e+04 80.8 172
33.4120369793736 19 12.983046056467737 22.73879891811431 13.0 0.04696192940654671 7.0 7.0 3.6 2.6 3.0 1.6 3.00 0.947 2.05 0.00 1.43 285 54.2 7.23e+03 9.92 85.0 4.74e+18 4.70e+17 1.99e+36 450 1.41e+18 739 168 4.66e+04 80.8 216
34.4120369793736 19 12.983046056467737 22.73879891811431 13.0 0.04696192940654671 7.0 7.0 3.6 2.6 3.0 1.6 3.00 0.947 2.05 0.00 1.43 285 54.2 7.23e+03 9.92 85.0 4.74e+18 4.70e+17 1.99e+36 450 1.41e+18 772 189 6.43e+04 80.8 254
35.4120369793736 19 12.983046056467737 22.73879891811431 13.0 0.04696192940654671 7.0 7.0 3.6 2.6 3.0 1.6 3.00 0.947 2.05 0.00 1.43 285 54.2 7.23e+03 9.92 85.0 4.74e+18 4.70e+17 1.99e+36 450 1.41e+18 805 211 8.25e+04 80.8 287
36.4120369793736 19 12.983046056467737 22.73879891811431 13.0 0.04696192940654671 7.0 7.0 3.6 2.6 3.0 1.6 3.00 0.947 2.05 0.00 1.43 285 54.2 7.23e+03 9.92 85.0 4.74e+18 4.70e+17 1.99e+36 450 1.41e+18 805 228 8.40e+04 80.8 290
37.4120369793736 19 12.983046056467737 22.73879891811431 13.0 0.04696192940654671 7.0 7.0 3.6 2.6 3.0 1.6 3.00 0.947 2.05 0.00 1.43 285 54.2 7.23e+03 9.92 85.0 6.10e+50 3.22e+49 1.96e+100 450 1.40e+50 805 228 8.40e+04 80.8 290
38.4120369793736 19 12.983046056467737 22.73879891811431 13.0 0.04696192940654671 7.0 7.0 3.6 2.6 3.0 1.6 3.00 0.947 2.05 0.00 1.43 285 54.2 7.23e+03 9.92 85.0 6.10e+50 3.22e+49 1.96e+100 450 1.40e+50 805 228 8.40e+04 80.8 290
39.4120369793736 19 12.983046056467737 22.73879891811431 13.0 0.04696192940654671 7.0 7.0 3.6 2.6 3.0 1.6 3.00 0.947 2.05 0.00 1.43 285 54.2 7.23e+03 9.92 85.0 6.10e+50 3.22e+49 1.96e+100 450 1.40e+50 805 228 8.40e+04 80.8 290
40.4120369793736 19 12.983046056467737 22.73879891811431 13.0 0.04696192940654671 7.0 7.0 3.6 2.6 3.0 1.6 3.00 0.947 2.05 0.00 1.43 285 54.2 7.23e+03 9.92 85.0 6.10e+50 3.22e+49 1.96e+100 450 1.40e+50 805 228 8.40e+04 80.8 290
41.4120369793736 19 12.983046056467737 22.73879891811431 13.0 0.04696192940654671 7.0 7.0 3.6 2.6 3.0 1.6 3.00 0.947 2.05 0.00 1.43 285 54.2 7.23e+03 9.92 85.0 6.10e+50 3.22e+49 1.96e+100 450 1.40e+50 805 228 8.40e+04 80.8 290
42.4120369793736 19 12.983046056467737 22.73879891811431 13.0 0.04696192940654671 7.0 7.0 3.6 2.6 3.0 1.6 3.00 0.947 2.05 0.00 1.43 285 54.2 7.23e+03 9.92 85.0 6.10e+50 3.22e+49 1.96e+100 450 1.40e+50 805 228 8.40e+04 80.8 290
43.4120369793736 22 13.009090476083342 24.986093912000808 15.0 0.04614206654748876 8.0 7.0 3.5 2.7 3.0 1.7 3.00 0.955 2.05 0.00 1.43 285 67.4 7.43e+03 23.0 86.2 6.10e+50 2.78e+49 1.69e+100 39.8 1.30e+50 805 217 7.28e+04 133 270
44.4120369793736 22 13.009090476083342 24.986093912000808 15.0 0.04614206654748876 8.0 7.0 3.5 2.7 3.0 1.7 3.00 0.955 2.05 0.00 1.43 285 67.4 7.43e+03 23.0 86.2 6.10e+50 2.78e+49 1.69e+100 39.8 1.30e+50 805 225 7.52e+04 133 274
45.4120369793736 22 13.009090476083342 24.986093912000808 15.0 0.04614206654748876 8.0 7.0 3.5 2.7 3.0 1.7 3.00 0.955 2.05 0.00 1.43 285 67.4 7.43e+03 23.0 86.2 6.10e+50 2.78e+49 1.69e+100 39.8 1.30e+50 805 232 8.20e+04 133 286
46.4120369793736 22 13.009090476083342 24.986093912000808 15.0 0.04614206654748876 8.0 7.0 3.5 2.7 3.0 1.7 3.00 0.955 2.05 0.00 1.43 285 67.4 7.43e+03 23.0 86.2 6.10e+50 2.78e+49 1.69e+100 39.8 1.30e+50 906 240 9.13e+04 133 302
47.4120369793736 22 13.009090476083342 24.986093912000808 15.0 0.04614206654748876 8.0 7.0 3.5 2.7 3.0 1.7 3.00 0.955 2.05 0.00 1.43 285 67.4 7.43e+03 23.0 86.2 6.10e+50 2.78e+49 1.69e+100 39.8 1.30e+50 939 247 1.01e+05 133 318
48.4120369793736 22 13.009090476083342 24.986093912000808 15.0 0.04614206654748876 8.0 7.0 3.5 2.7 3.0 1.7 3.00 0.955 2.05 0.00 1.43 285 67.4 7.43e+03 23.0 86.2 6.10e+50 2.78e+49 1.69e+100 39.8 1.30e+50 971 255 1.11e+05 133 333
49.4120369793736 22 13.009090476083342 24.986093912000808 15.0 0.04614206654748876 8.0 7.0 3.5 2.7 3.0 1.7 3.00 0.955 2.05 0.00 1.43 285 67.4 7.43e+03 23.0 86.2 6.10e+50 2.78e+49 1.69e+100 39.8 1.30e+50 971 261 1.13e+05 133 336
50.4120369793736 22 13.009090476083342 24.986093912000808 15.0 0.04614206654748876 8.0 7.0 3.5 2.7 3.0 1.7 3.00 0.955 2.05 0.00 1.43 285 67.4 7.43e+03 23.0 86.2 2.55e+75 1.16e+74 2.96e+149 10.9 5.44e+74 971 261 1.13e+05 133 336
51.4120369793736 22 13.009090476083342 24.986093912000808 15.0 0.04614206654748876 8.0 7.0 3.5 2.7 3.0 1.7 3.00 0.955 2.05 0.00 1.43 285 67.4 7.43e+03 23.0 86.2 2.55e+75 1.16e+74 2.96e+149 10.9 5.44e+74 971 261 1.13e+05 133 336
52.4120369793736 22 13.009090476083342 24.986093912000808 15.0 0.04614206654748876 8.0 7.0 3.5 2.7 3.0 1.7 3.00 0.955 2.05 0.00 1.43 285 67.4 7.43e+03 23.0 86.2 2.55e+75 1.16e+74 2.96e+149 10.9 5.44e+74 971 261 1.13e+05 133 336
53.4120369793736 22 13.009090476083342 24.986093912000808 15.0 0.04614206654748876 8.0 7.0 3.5 2.7 3.0 1.7 3.00 0.955 2.05 0.00 1.43 285 67.4 7.43e+03 23.0 86.2 2.55e+75 1.16e+74 2.96e+149 10.9 5.44e+74 971 261 1.13e+05 133 336
54.4120369793736 22 13.009090476083342 24.986093912000808 15.0 0.04614206654748876 8.0 7.0 3.5 2.7 3.0 1.7 3.00 0.955 2.05 0.00 1.43 285 67.4 7.43e+03 23.0 86.2 2.55e+75 1.16e+74 2.96e+149 10.9 5.44e+74 971 261 1.13e+05 133 336
55.4120369793736 22 13.009090476083342 24.986093912000808 15.0 0.04614206654748876 8.0 7.0 3.5 2.7 3.0 1.7 3.00 0.955 2.05 0.00 1.43 285 67.4 7.43e+03 23.0 86.2 2.55e+75 1.16e+74 2.96e+149 10.9 5.44e+74 971 261 1.13e+05 133 336
56.4120369793736 22 13.009090476083342 24.986093912000808 15.0 0.04614206654748876 8.0 7.0 3.5 2.7 3.0 1.7 3.00 0.955 2.05 0.00 1.43 285 67.4 7.43e+03 23.0 86.2 2.55e+75 1.16e+74 2.96e+149 10.9 5.44e+74 971 261 1.13e+05 133 336
57.4120369793736 25 12.473437537302678 26.960370185336743 17.0 0.0446528334268761 9.0 7.0 3.6 2.3 3.0 1.5 3.00 0.960 2.04 0.00 1.43 285 70.5 6.90e+03 25.0 83.0 2.55e+75 1.02e+74 2.61e+149 4.96 5.11e+74 971 241 1.02e+05 133 319
58.4120369793736 25 12.473437537302678 26.960370185336743 17.0 0.0446528334268761 9.0 7.0 3.6 2.3 3.0 1.5 3.00 0.960 2.04 0.00 1.43 285 70.5 6.90e+03 25.0 83.0 2.55e+75 1.02e+74 2.61e+149 4.96 5.11e+74 971 245 1.02e+05 133 319
59.4120369793736 25 12.473437537302678 26.960370185336743 17.0 0.0446528334268761 9.0 7.0 3.6 2.3 3.0 1.5 3.00 0.960 2.04 0.00 1.43 285 70.5 6.90e+03 25.0 83.0 2.55e+75 1.02e+74 2.61e+149 4.96 5.11e+74 971 248 1.04e+05 133 322
60.4120369793736 25 12.473437537302678 26.960370185336743 17.0 0.0446528334268761 9.0 7.0 3.6 2.3 3.0 1.5 3.00 0.960 2.04 0.00 1.43 285 70.5 6.90e+03 25.0 83.0 2.55e+75 1.02e+74 2.61e+149 4.96 5.11e+74 971 252 1.08e+05 133 329
61.4120369793736 25 12.473437537302678 26.960370185336743 17.0 0.0446528334268761 9.0 7.0 3.6 2.3 3.0 1.5 3.00 0.960 2.04 0.00 1.43 285 70.5 6.90e+03 25.0 83.0 2.55e+75 1.02e+74 2.61e+149 4.96 5.11e+74 1.00e+03 256 1.14e+05 133 337
62.4120369793736 25 12.473437537302678 26.960370185336743 17.0 0.0446528334268761 9.0 7.0 3.6 2.3 3.0 1.5 3.00 0.960 2.04 0.00 1.43 285 70.5 6.90e+03 25.0 83.0 2.55e+75 1.02e+74 2.61e+149 4.96 5.11e+74 1.03e+03 260 1.19e+05 133 345
63.4120369793736 25 12.473437537302678 26.960370185336743 17.0 0.0446528334268761 9.0 7.0 3.6 2.3 3.0 1.5 3.00 0.960 2.04 0.00 1.43 285 70.5 6.90e+03 25.0 83.0 2.55e+75 1.02e+74 2.61e+149 4.96 5.11e+74 1.07e+03 263 1.25e+05 133 354
64.4120369793736 25 12.473437537302678 26.960370185336743 17.0 0.0446528334268761 9.0 7.0 3.6 2.3 3.0 1.5 3.00 0.960 2.04 0.00 1.43 285 70.5 6.90e+03 25.0 83.0 2.55e+75 1.02e+74 2.61e+149 4.96 5.11e+74 1.07e+03 266 1.26e+05 133 355
65.4120369793736 25 12.473437537302678 26.960370185336743 17.0 0.0446528334268761 9.0 7.0 3.6 2.3 3.0 1.5 3.00 0.960 2.04 0.00 1.43 285 70.5 6.90e+03 25.0 83.0 2.45e+54 9.81e+52 2.41e+107 1.87 4.91e+53 1.07e+03 266 1.26e+05 133 355
66.4120369793736 25 12.473437537302678 26.960370185336743 17.0 0.0446528334268761 9.0 7.0 3.6 2.3 3.0 1.5 3.00 0.960 2.04 0.00 1.43 285 70.5 6.90e+03 25.0 83.0 2.45e+54 9.81e+52 2.41e+107 1.87 4.91e+53 1.07e+03 266 1.26e+05 133 355
67.4120369793736 25 12.473437537302678 26.960370185336743 17.0 0.0446528334268761 9.0 7.0 3.6 2.3 3.0 1.5 3.00 0.960 2.04 0.00 1.43 285 70.5 6.90e+03 25.0 83.0 2.45e+54 9.81e+52 2.41e+107 1.87 4.91e+53 1.07e+03 266 1.26e+05 133 355
68.4120369793736 25 12.473437537302678 26.960370185336743 17.0 0.0446528334268761 9.0 7.0 3.6 2.3 3.0 1.5 3.00 0.960 2.04 0.00 1.43 285 70.5 6.90e+03 25.0 83.0 2.45e+54 9.81e+52 2.41e+107 1.87 4.91e+53 1.07e+03 266 1.26e+05 133 355
69.4120369793736 25 12.473437537302678 26.960370185336743 17.0 0.0446528334268761 9.0 7.0 3.6 2.3 3.0 1.5 3.00 0.960 2.04 0.00 1.43 285 70.5 6.90e+03 25.0 83.0 2.45e+54 9.81e+52 2.41e+107 1.87 4.91e+53 1.07e+03 266 1.26e+05 133 355
70.4120369793736 25 12.473437537302678 26.960370185336743 17.0 0.0446528334268761 9.0 7.0 3.6 2.3 3.0 1.5 3.00 0.960 2.04 0.00 1.43 285 70.5 6.90e+03 25.0 83.0 2.45e+54 9.81e+52 2.41e+107 1.87 4.91e+53 1.07e+03 266 1.26e+05 133 355
71.4120369793736 25 12.473437537302678 26.960370185336743 17.0 0.0446528334268761 9.0 7.0 3.6 2.3 3.0 1.5 3.00 0.960 2.04 0.00 1.43 285 70.5 6.90e+03 25.0 83.0 2.45e+54 9.81e+52 2.41e+107 1.87 4.91e+53 1.07e+03 266 1.26e+05 133 355
72.4120369793736 25 12.473437537302678 26.960370185336743 17.0 0.0446528334268761 9.0 7.0 3.6 2.3 3.0 1.5 3.00 0.960 2.04 0.00 1.43 285 70.5 6.90e+03 25.0 83.0 2.45e+54 9.81e+52 2.41e+107 1.87 4.91e+53 1.07e+03 266 1.26e+05 133 355
73.4120369793736 28 12.704307353287044 27.833297304670786 19.0 0.050011173438101235 9.0 8.0 4.0 3.1 4.0 1.8 3.00 0.964 2.04 0.00 1.43 295 81.7 8.15e+03 40.4 90.3 2.45e+54 8.76e+52 2.15e+107 1.01 4.64e+53 1.07e+03 257 1.14e+05 133 338
74.4120369793736 28 12.704307353287044 27.833297304670786 19.0 0.050011173438101235 9.0 8.0 4.0 3.1 4.0 1.8 3.00 0.964 2.04 0.00 1.43 295 81.7 8.15e+03 40.4 90.3 2.45e+54 8.76e+52 2.15e+107 1.01 4.64e+53 1.07e+03 270 1.16e+05 133 341
75.4120369793736 28 12.704307353287044 27.833297304670786 19.0 0.050011173438101235 9.0 8.0 4.0 3.1 4.0 1.8 3.00 0.964 2.04 0.00 1.43 295 81.7 8.15e+03 40.4 90.3 2.45e+54 8.76e+52 2.15e+107 1.01 4.64e+53 1.07e+03 282 1.21e+05 133 348
76.4120369793736 28 12.704307353287044 27.833297304670786 19.0 0.050011173438101235 9.0 8.0 4.0 3.1 4.0 1.8 3.00 0.964 2.04 0.00 1.43 295 81.7 8.15e+03 40.4 90.3 2.45e+54 8.76e+52 2.15e+107 1.01 4.64e+53 1.07e+03 295 1.33e+05 133 365
77.4120369793736 28 12.704307353287044 27.833297304670786 19.0 0.050011173438101235 9.0 8.0 4.0 3.1 4.0 1.8 3.00 0.964 2.04 0.00 1.43 295 81.7 8.15e+03 40.4 90.3 2.45e+54 8.76e+52 2.15e+107 1.01 4.64e+53 1.20e+03 308 1.52e+05 133 390
78.4120369793736 28 12.704307353287044 27.833297304670786 19.0 0.050011173438101235 9.0 8.0 4.0 3.1 4.0 1.8 3.00 0.964 2.04 0.00 1.43 295 81.7 8.15e+03 40.4 90.3 2.45e+54 8.76e+52 2.15e+107 1.01 4.64e+53 1.36e+03 321 1.75e+05 133 419
79.4120369793736 28 12.704307353287044 27.833297304670786 19.0 0.050011173438101235 9.0 8.0 4.0 3.1 4.0 1.8 3.00 0.964 2.04 0.00 1.43 295 81.7 8.15e+03 40.4 90.3 2.45e+54 8.76e+52 2.15e+107 1.01 4.64e+53 1.40e+03 334 1.99e+05 133 446
80.4120369793736 28 12.704307353287044 27.833297304670786 19.0 0.050011173438101235 9.0 8.0 4.0 3.1 4.0 1.8 3.00 0.964 2.04 0.00 1.43 295 81.7 8.15e+03 40.4 90.3 2.45e+54 8.76e+52 2.15e+107 1.01 4.64e+53 1.43e+03 347 2.23e+05 133 473
81.4120369793736 28 12.704307353287044 27.833297304670786 19.0 0.050011173438101235 9.0 8.0 4.0 3.1 4.0 1.8 3.00 0.964 2.04 0.00 1.43 295 81.7 8.15e+03 40.4 90.3 2.45e+54 8.76e+52 2.15e+107 1.01 4.64e+53 1.43e+03 357 2.27e+05 133 477
82.4120369793736 28 12.704307353287044 27.833297304670786 19.0 0.050011173438101235 9.0 8.0 4.0 3.1 4.0 1.8 3.00 0.964 2.04 0.00 1.43 295 81.7 8.15e+03 40.4 90.3 3.01e+72 1.07e+71 3.23e+143 228 5.68e+71 1.43e+03 357 2.27e+05 133 477
83.4120369793736 28 12.704307353287044 27.833297304670786 19.0 0.050011173438101235 9.0 8.0 4.0 3.1 4.0 1.8 3.00 0.964 2.04 0.00 1.43 295 81.7 8.15e+03 40.4 90.3 3.01e+72 1.07e+71 3.23e+143 228 5.68e+71 1.43e+03 357 2.27e+05 133 477
84.4120369793736 28 12.704307353287044 27.833297304670786 19.0 0.050011173438101235 9.0 8.0 4.0 3.1 4.0 1.8 3.00 0.964 2.04 0.00 1.43 295 81.7 8.15e+03 40.4 90.3 3.01e+72 1.07e+71 3.23e+143 228 5.68e+71 1.43e+03 357 2.27e+05 133 477
85.4120369793736 28 12.704307353287044 27.833297304670786 19.0 0.050011173438101235 9.0 8.0 4.0 3.1 4.0 1.8 3.00 0.964 2.04 0.00 1.43 295 81.7 8.15e+03 40.4 90.3 3.01e+72 1.07e+71 3.23e+143 228 5.68e+71 1.43e+03 357 2.27e+05 133 477
86.4120369793736 28 12.704307353287044 27.833297304670786 19.0 0.050011173438101235 9.0 8.0 4.0 3.1 4.0 1.8 3.00 0.964 2.04 0.00 1.43 295 81.7 8.15e+03 40.4 90.3 3.01e+72 1.07e+71 3.23e+143 228 5.68e+71 1.43e+03 357 2.27e+05 133 477
87.4120369793736 28 12.704307353287044 27.833297304670786 19.0 0.050011173438101235 9.0 8.0 4.0 3.1 4.0 1.8 3.00 0.964 2.04 0.00 1.43 295 81.7 8.15e+03 40.4 90.3 3.01e+72 1.07e+71 3.23e+143 228 5.68e+71 1.43e+03 357 2.27e+05 133 477
88.4120369793736 28 12.704307353287044 27.833297304670786 19.0 0.050011173438101235 9.0 8.0 4.0 3.1 4.0 1.8 3.00 0.964 2.04 0.00 1.43 295 81.7 8.15e+03 40.4 90.3 3.01e+72 1.07e+71 3.23e+143 228 5.68e+71 1.43e+03 357 2.27e+05 133 477
89.4120369793736 28 12.704307353287044 27.833297304670786 19.0 0.050011173438101235 9.0 8.0 4.0 3.1 4.0 1.8 3.00 0.964 2.04 0.00 1.43 295 81.7 8.15e+03 40.4 90.3 3.01e+72 1.07e+71 3.23e+143 228 5.68e+71 1.43e+03 357 2.27e+05 133 477
90.4120369793736 28 12.704307353287044 27.833297304670786 19.0 0.050011173438101235 9.0 8.0 4.0 3.1 4.0 1.8 3.00 0.964 2.04 0.00 1.43 295 81.7 8.15e+03 40.4 90.3 3.01e+72 1.07e+71 3.23e+143 228 5.68e+71 1.43e+03 357 2.27e+05 133 477
91.4120369793736 31 12.272085886550236 28.34170107801147 21.0 0.05536951344932636 9.0 9.0 4.3 3.6 4.0 1.9 3.00 0.968 2.03 0.00 1.43 295 93.0 8.59e+03 69.1 92.7 3.01e+72 9.70e+70 2.92e+143 2.35 5.40e+71 1.43e+03 342 2.07e+05 158 455
92.4120369793736 31 12.272085886550236 28.34170107801147 21.0 0.05536951344932636 9.0 9.0 4.3 3.6 4.0 1.9 3.00 0.968 2.03 0.00 1.43 295 93.0 8.59e+03 69.1 92.7 3.01e+72 9.70e+70 2.92e+143 2.35 5.40e+71 1.43e+03 352 2.09e+05 158 457
93.4120369793736 31 12.272085886550236 28.34170107801147 21.0 0.05536951344932636 9.0 9.0 4.3 3.6 4.0 1.9 3.00 0.968 2.03 0.00 1.43 295 93.0 8.59e+03 69.1 92.7 3.01e+72 9.70e+70 2.92e+143 2.35 5.40e+71 1.43e+03 361 2.15e+05 158 464
94.4120369793736 31 12.272085886550236 28.34170107801147 21.0 0.05536951344932636 9.0 9.0 4.3 3.6 4.0 1.9 3.00 0.968 2.03 0.00 1.43 295 93.0 8.59e+03 69.1 92.7 3.01e+72 9.70e+70 2.92e+143 2.35 5.40e+71 1.43e+03 371 2.24e+05 158 473
95.4120369793736 31 12.272085886550236 28.34170107801147 21.0 0.05536951344932636 9.0 9.0 4.3 3.6 4.0 1.9 3.00 0.968 2.03 0.00 1.43 295 93.0 8.59e+03 69.1 92.7 3.01e+72 9.70e+70 2.92e+143 2.35 5.40e+71 1.43e+03 381 2.38e+05 158 487
96.4120369793736 31 12.272085886550236 28.34170107801147 21.0 0.05536951344932636 9.0 9.0 4.3 3.6 4.0 1.9 3.00 0.968 2.03 0.00 1.43 295 93.0 8.59e+03 69.1 92.7 3.01e+72 9.70e+70 2.92e+143 2.35 5.40e+71 1.50e+03 390 2.57e+05 158 507
97.4120369793736 31 12.272085886550236 28.34170107801147 21.0 0.05536951344932636 9.0 9.0 4.3 3.6 4.0 1.9 3.00 0.968 2.03 0.00 1.43 295 93.0 8.59e+03 69.1 92.7 3.01e+72 9.70e+70 2.92e+143 2.35 5.40e+71 1.66e+03 400 2.79e+05 158 528
98.4120369793736 31 12.272085886550236 28.34170107801147 21.0 0.05536951344932636 9.0 9.0 4.3 3.6 4.0 1.9 3.00 0.968 2.03 0.00 1.43 295 93.0 8.59e+03 69.1 92.7 3.01e+72 9.70e+70 2.92e+143 2.35 5.40e+71 1.70e+03 410 3.02e+05 158 550
99.4120369793736 31 12.272085886550236 28.34170107801147 21.0 0.05536951344932636 9.0 9.0 4.3 3.6 4.0 1.9 3.00 0.968 2.03 0.00 1.43 295 93.0 8.59e+03 69.1 92.7 3.01e+72 9.70e+70 2.92e+143 2.35 5.40e+71 1.73e+03 419 3.25e+05 158 570
100.4120369793736 31 12.272085886550236 28.34170107801147 21.0 0.05536951344932636 9.0 9.0 4.3 3.6 4.0 1.9 3.00 0.968 2.03 0.00 1.43 295 93.0 8.59e+03 69.1 92.7 3.01e+72 9.70e+70 2.92e+143 2.35 5.40e+71 1.73e+03 427 3.29e+05 158 574
101.4120369793736 31 12.272085886550236 28.34170107801147 21.0 0.05536951344932636 9.0 9.0 4.3 3.6 4.0 1.9 3.00 0.968 2.03 0.00 1.43 295 93.0 8.59e+03 69.1 92.7 5.50e+91 3.13e+90 1.49e+182 4.16 1.22e+91 1.73e+03 427 3.29e+05 158 574
102.4120369793736 31 12.272085886550236 28.34170107801147 21.0 0.05536951344932636 9.0 9.0 4.3 3.6 4.0 1.9 3.00 0.968 2.03 0.00 1.43 295 93.0 8.59e+03 69.1 92.7 5.50e+91 3.13e+90 1.49e+182 4.16 1.22e+91 1.73e+03 427 3.29e+05 158 574
103.4120369793736 31 12.272085886550236 28.34170107801147 21.0 0.05536951344932636 9.0 9.0 4.3 3.6 4.0 1.9 3.00 0.968 2.03 0.00 1.43 295 93.0 8.59e+03 69.1 92.7 5.50e+91 3.13e+90 1.49e+182 4.16 1.22e+91 1.73e+03 427 3.29e+05 158 574
104.4120369793736 31 12.272085886550236 28.34170107801147 21.0 0.05536951344932636 9.0 9.0 4.3 3.6 4.0 1.9 3.00 0.968 2.03 0.00 1.43 295 93.0 8.59e+03 69.1 92.7 5.50e+91 3.13e+90 1.49e+182 4.16 1.22e+91 1.73e+03 427 3.29e+05 158 574
105.4120369793736 31 12.272085886550236 28.34170107801147 21.0 0.05536951344932636 9.0 9.0 4.3 3.6 4.0 1.9 3.00 0.968 2.03 0.00 1.43 295 93.0 8.59e+03 69.1 92.7 5.50e+91 3.13e+90 1.49e+182 4.16 1.22e+91 1.73e+03 427 3.29e+05 158 574
106.4120369793736 31 12.272085886550236 28.34170107801147 21.0 0.05536951344932636 9.0 9.0 4.3 3.6 4.0 1.9 3.00 0.968 2.03 0.00 1.43 295 93.0 8.59e+03 69.1 92.7 5.50e+91 3.13e+90 1.49e+182 4.16 1.22e+91 1.73e+03 427 3.29e+05 158 574
107.4120369793736 31 12.272085886550236 28.34170107801147 21.0 0.05536951344932636 9.0 9.0 4.3 3.6 4.0 1.9 3.00 0.968 2.03 0.00 1.43 295 93.0 8.59e+03 69.1 92.7 5.50e+91 3.13e+90 1.49e+182 4.16 1.22e+91 1.73e+03 427 3.29e+05 158 574
108.4120369793736 31 12.272085886550236 28.34170107801147 21.0 0.05536951344932636 9.0 9.0 4.3 3.6 4.0 1.9 3.00 0.968 2.03 0.00 1.43 295 93.0 8.59e+03 69.1 92.7 5.50e+91 3.13e+90 1.49e+182 4.16 1.22e+91 1.73e+03 427 3.29e+05 158 574
109.4120369793736 31 12.272085886550236 28.34170107801147 21.0 0.05536951344932636 9.0 9.0 4.3 3.6 4.0 1.9 3.00 0.968 2.03 0.00 1.43 295 93.0 8.59e+03 69.1 92.7 5.50e+91 3.13e+90 1.49e+182 4.16 1.22e+91 1.73e+03 427 3.29e+05 158 574
110.4120369793736 31 12.272085886550236 28.34170107801147 21.0 0.05536951344932636 9.0 9.0 4.3 3.6 4.0 1.9 3.00 0.968 2.03 0.00 1.43 295 93.0 8.59e+03 69.1 92.7 5.50e+91 3.13e+90 1.49e+182 4.16 1.22e+91 1.73e+03 427 3.29e+05 158 574
111.4120369793736 34 12.385211284274364 28.464994737227574 23.0 0.0607278534605515 9.0 9.0 4.9 5.1 5.0 2.3 3.00 0.971 2.03 0.00 1.42 295 93.4 7.97e+03 70.9 89.3 5.50e+91 2.86e+90 1.36e+182 0.860 1.17e+91 1.73e+03 398 3.09e+05 144 555
112.4120369793736 34 12.385211284274364 28.464994737227574 23.0 0.0607278534605515 9.0 9.0 4.9 5.1 5.0 2.3 3.00 0.971 2.03 0.00 1.42 295 93.4 7.97e+03 70.9 89.3 5.50e+91 2.86e+90 1.36e+182 0.860 1.17e+91 1.73e+03 400 3.08e+05 144 555
113.4120369793736 34 12.385211284274364 28.464994737227574 23.0 0.0607278534605515 9.0 9.0 4.9 5.1 5.0 2.3 3.00 0.971 2.03 0.00 1.42 295 93.4 7.97e+03 70.9 89.3 5.50e+91 2.86e+90 1.36e+182 0.860 1.17e+91 1.73e+03 403 3.09e+05 144 556
114.4120369793736 34 12.385211284274364 28.464994737227574 23.0 0.0607278534605515 9.0 9.0 4.9 5.1 5.0 2.3 3.00 0.971 2.03 0.00 1.42 295 93.4 7.97e+03 70.9 89.3 5.50e+91 2.86e+90 1.36e+182 0.860 1.17e+91 1.73e+03 405 3.11e+05 144 558
115.4120369793736 34 12.385211284274364 28.464994737227574 23.0 0.0607278534605515 9.0 9.0 4.9 5.1 5.0 2.3 3.00 0.971 2.03 0.00 1.42 295 93.4 7.97e+03 70.9 89.3 5.50e+91 2.86e+90 1.36e+182 0.860 1.17e+91 1.73e+03 408 3.14e+05 144 561
116.4120369793736 34 12.385211284274364 28.464994737227574 23.0 0.0607278534605515 9.0 9.0 4.9 5.1 5.0 2.3 3.00 0.971 2.03 0.00 1.42 295 93.4 7.97e+03 70.9 89.3 5.50e+91 2.86e+90 1.36e+182 0.860 1.17e+91 1.73e+03 410 3.18e+05 144 564
117.4120369793736 34 12.385211284274364 28.464994737227574 23.0 0.0607278534605515 9.0 9.0 4.9 5.1 5.0 2.3 3.00 0.971 2.03 0.00 1.42 295 93.4 7.97e+03 70.9 89.3 5.50e+91 2.86e+90 1.36e+182 0.860 1.17e+91 1.73e+03 412 3.24e+05 144 569
118.4120369793736 34 12.385211284274364 28.464994737227574 23.0 0.0607278534605515 9.0 9.0 4.9 5.1 5.0 2.3 3.00 0.971 2.03 0.00 1.42 295 93.4 7.97e+03 70.9 89.3 5.50e+91 2.86e+90 1.36e+182 0.860 1.17e+91 1.75e+03 415 3.31e+05 144 575
119.4120369793736 34 12.385211284274364 28.464994737227574 23.0 0.0607278534605515 9.0 9.0 4.9 5.1 5.0 2.3 3.00 0.971 2.03 0.00 1.42 295 93.4 7.97e+03 70.9 89.3 5.50e+91 2.86e+90 1.36e+182 0.860 1.17e+91 1.78e+03 417 3.37e+05 144 581
120.4120369793736 34 12.385211284274364 28.464994737227574 23.0 0.0607278534605515 9.0 9.0 4.9 5.1 5.0 2.3 3.00 0.971 2.03 0.00 1.42 295 93.4 7.97e+03 70.9 89.3 5.50e+91 2.86e+90 1.36e+182 0.860 1.17e+91 1.81e+03 420 3.44e+05 144 586
121.4120369793736 34 12.385211284274364 28.464994737227574 23.0 0.0607278534605515 9.0 9.0 4.9 5.1 5.0 2.3 3.00 0.971 2.03 0.00 1.42 295 93.4 7.97e+03 70.9 89.3 5.50e+91 2.86e+90 1.36e+182 0.860 1.17e+91 1.81e+03 422 3.45e+05 144 588
122.4120369793736 34 12.385211284274364 28.464994737227574 23.0 0.0607278534605515 9.0 9.0 4.9 5.1 5.0 2.3 3.00 0.971 2.03 0.00 1.42 295 93.4 7.97e+03 70.9 89.3 3.83e+59 1.13e+58 4.32e+117 1.69 6.57e+58 1.81e+03 422 3.45e+05 144 588
123.4120369793736 34 12.385211284274364 28.464994737227574 23.0 0.0607278534605515 9.0 9.0 4.9 5.1 5.0 2.3 3.00 0.971 2.03 0.00 1.42 295 93.4 7.97e+03 70.9 89.3 3.83e+59 1.13e+58 4.32e+117 1.69 6.57e+58 1.81e+03 422 3.45e+05 144 588
124.4120369793736 34 12.385211284274364 28.464994737227574 23.0 0.0607278534605515 9.0 9.0 4.9 5.1 5.0 2.3 3.00 0.971 2.03 0.00 1.42 295 93.4 7.97e+03 70.9 89.3 3.83e+59 1.13e+58 4.32e+117 1.69 6.57e+58 1.81e+03 422 3.45e+05 144 588
125.4120369793736 34 12.385211284274364 28.464994737227574 23.0 0.0607278534605515 9.0 9.0 4.9 5.1 5.0 2.3 3.00 0.971 2.03 0.00 1.42 295 93.4 7.97e+03 70.9 89.3 3.83e+59 1.13e+58 4.32e+117 1.69 6.57e+58 1.81e+03 422 3.45e+05 144 588
126.4120369793736 34 12.385211284274364 28.464994737227574 23.0 0.0607278534605515 9.0 9.0 4.9 5.1 5.0 2.3 3.00 0.971 2.03 0.00 1.42 295 93.4 7.97e+03 70.9 89.3 3.83e+59 1.13e+58 4.32e+117 1.69 6.57e+58 1.81e+03 422 3.45e+05 144 588
127.4120369793736 34 12.385211284274364 28.464994737227574 23.0 0.0607278534605515 9.0 9.0 4.9 5.1 5.0 2.3 3.00 0.971 2.03 0.00 1.42 295 93.4 7.97e+03 70.9 89.3 3.83e+59 1.13e+58 4.32e+117 1.69 6.57e+58 1.81e+03 422 3.45e+05 144 588
128.4120369793736 34 12.385211284274364 28.464994737227574 23.0 0.0607278534605515 9.0 9.0 4.9 5.1 5.0 2.3 3.00 0.971 2.03 0.00 1.42 295 93.4 7.97e+03 70.9 89.3 3.83e+59 1.13e+58 4.32e+117 1.69 6.57e+58 1.81e+03 422 3.45e+05 144 588
129.4120369793736 34 12.385211284274364 28.464994737227574 23.0 0.0607278534605515 9.0 9.0 4.9 5.1 5.0 2.3 3.00 0.971 2.03 0.00 1.42 295 93.4 7.97e+03 70.9 89.3 3.83e+59 1.13e+58 4.32e+117 1.69 6.57e+58 1.81e+03 422 3.45e+05 144 588
130.4120369793736 34 12.385211284274364 28.464994737227574 23.0 0.0607278534605515 9.0 9.0 4.9 5.1 5.0 2.3 3.00 0.971 2.03 0.00 1.42 295 93.4 7.97e+03 70.9 89.3 3.83e+59 1.13e+58 4.32e+117 1.69 6.57e+58 1.81e+03 422 3.45e+05 144 588
131.4120369793736 34 12.385211284274364 28.464994737227574 23.0 0.0607278534605515 9.0 9.0 4.9 5.1 5.0 2.3 3.00 0.971 2.03 0.00 1.42 295 93.4 7.97e+03 70.9 89.3 3.83e+59 1.13e+58 4.32e+117 1.69 6.57e+58 1.81e+03 422 3.45e+05 144 588
132.4120369793736 34 12.385211284274364 28.464994737227574 23.0 0.0607278534605515 9.0 9.0 4.9 5.1 5.0 2.3 3.00 0.971 2.03 0.00 1.42 295 93.4 7.97e+03 70.9 89.3 3.83e+59 1.13e+58 4.32e+117 1.69 6.57e+58 1.81e+03 422 3.45e+05 144 588
133.4120369793736 37 11.698253008066061 28.598761342521534 25.0 0.05903589835746284 9.0 9.0 5.0 4.9 5.0 2.2 3.00 0.973 2.03 0.00 1.42 295 93.1 7.56e+03 72.4 87.0 3.83e+59 1.04e+58 3.97e+117 0.197 6.30e+58 1.81e+03 395 3.25e+05 133 570
134.4120369793736 37 11.698253008066061 28.598761342521534 25.0 0.05903589835746284 9.0 9.0 5.0 4.9 5.0 2.2 3.00 0.973 2.03 0.00 1.42 295 93.1 7.56e+03 72.4 87.0 3.83e+59 1.04e+58 3.97e+117 0.197 6.30e+58 1.81e+03 398 3.24e+05 133 569
135.4120369793736 37 11.698253008066061 28.598761342521534 25.0 0.05903589835746284 9.0 9.0 5.0 4.9 5.0 2.2 3.00 0.973 2.03 0.00 1.42 295 93.1 7.56e+03 72.4 87.0 3.83e+59 1.04e+58 3.97e+117 0.197 6.30e+58 1.81e+03 401 3.24e+05 133 569
136.4120369793736 37 11.698253008066061 28.598761342521534 25.0 0.05903589835746284 9.0 9.0 5.0 4.9 5.0 2.2 3.00 0.973 2.03 0.00 1.42 295 93.1 7.56e+03 72.4 87.0 3.83e+59 1.04e+58 3.97e+117 0.197 6.30e+58 1.81e+03 404 3.26e+05 133 571
137.4120369793736 37 11.698253008066061 28.598761342521534 25.0 0.05903589835746284 9.0 9.0 5.0 4.9 5.0 2.2 3.00 0.973 2.03 0.00 1.42 295 93.1 7.56e+03 72.4 87.0 3.83e+59 1.04e+58 3.97e+117 0.197 6.30e+58 1.81e+03 407 3.29e+05 133 574
138.4120369793736 37 11.698253008066061 28.598761342521534 25.0 0.05903589835746284 9.0 9.0 5.0 4.9 5.0 2.2 3.00 0.973 2.03 0.00 1.42 295 93.1 7.56e+03 72.4 87.0 3.83e+59 1.04e+58 3.97e+117 0.197 6.30e+58 1.81e+03 410 3.34e+05 133 578
139.4120369793736 37 11.698253008066061 28.598761342521534 25.0 0.05903589835746284 9.0 9.0 5.0 4.9 5.0 2.2 3.00 0.973 2.03 0.00 1.42 295 93.1 7.56e+03 72.4 87.0 3.83e+59 1.04e+58 3.97e+117 0.197 6.30e+58 1.81e+03 414 3.40e+05 133 583
140.4120369793736 37 11.698253008066061 28.598761342521534 25.0 0.05903589835746284 9.0 9.0 5.0 4.9 5.0 2.2 3.00 0.973 2.03 0.00 1.42 295 93.1 7.56e+03 72.4 87.0 3.83e+59 1.04e+58 3.97e+117 0.197 6.30e+58 1.81e+03 417 3.48e+05 133 590
141.4120369793736 37 11.698253008066061 28.598761342521534 25.0 0.05903589835746284 9.0 9.0 5.0 4.9 5.0 2.2 3.00 0.973 2.03 0.00 1.42 295 93.1 7.56e+03 72.4 87.0 3.83e+59 1.04e+58 3.97e+117 0.197 6.30e+58 1.86e+03 420 3.57e+05 133 597
142.4120369793736 37 11.698253008066061 28.598761342521534 25.0 0.05903589835746284 9.0 9.0 5.0 4.9 5.0 2.2 3.00 0.973 2.03 0.00 1.42 295 93.1 7.56e+03 72.4 87.0 3.83e+59 1.04e+58 3.97e+117 0.197 6.30e+58 1.89e+03 423 3.66e+05 133 605
143.4120369793736 37 11.698253008066061 28.598761342521534 25.0 0.05903589835746284 9.0 9.0 5.0 4.9 5.0 2.2 3.00 0.973 2.03 0.00 1.42 295 93.1 7.56e+03 72.4 87.0 3.83e+59 1.04e+58 3.97e+117 0.197 6.30e+58 1.93e+03 426 3.75e+05 133 612
144.4120369793736 37 11.698253008066061 28.598761342521534 25.0 0.05903589835746284 9.0 9.0 5.0 4.9 5.0 2.2 3.00 0.973 2.03 0.00 1.42 295 93.1 7.56e+03 72.4 87.0 3.83e+59 1.04e+58 3.97e+117 0.197 6.30e+58 1.93e+03 428 3.77e+05 133 614
145.4120369793736 37 11.698253008066061 28.598761342521534 25.0 0.05903589835746284 9.0 9.0 5.0 4.9 5.0 2.2 3.00 0.973 2.03 0.00 1.42 295 93.1 7.56e+03 72.4 87.0 1.93e+54 5.21e+52 1.00e+107 2.34 3.17e+53 1.93e+03 428 3.77e+05 133 614
146.4120369793736 37 11.698253008066061 28.598761342521534 25.0 0.05903589835746284 9.0 9.0 5.0 4.9 5.0 2.2 3.00 0.973 2.03 0.00 1.42 295 93.1 7.56e+03 72.4 87.0 1.93e+54 5.21e+52 1.00e+107 2.34 3.17e+53 1.93e+03 428 3.77e+05 133 614
147.4120369793736 37 11.698253008066061 28.598761342521534 25.0 0.05903589835746284 9.0 9.0 5.0 4.9 5.0 2.2 3.00 0.973 2.03 0.00 1.42 295 93.1 7.56e+03 72.4 87.0 1.93e+54 5.21e+52 1.00e+107 2.34 3.17e+53 1.93e+03 428 3.77e+05 133 614
148.4120369793736 37 11.698253008066061 28.598761342521534 25.0 0.05903589835746284 9.0 9.0 5.0 4.9 5.0 2.2 3.00 0.973 2.03 0.00 1.42 295 93.1 7.56e+03 72.4 87.0 1.93e+54 5.21e+52 1.00e+107 2.34 3.17e+53 1.93e+03 428 3.77e+05 133 614
149.4120369793736 37 11.698253008066061 28.598761342521534 25.0 0.05903589835746284 9.0 9.0 5.0 4.9 5.0 2.2 3.00 0.973 2.03 0.00 1.42 295 93.1 7.56e+03 72.4 87.0 1.93e+54 5.21e+52 1.00e+107 2.34 3.17e+53 1.93e+03 428 3.77e+05 133 614
150.4120369793736 37 11.698253008066061 28.598761342521534 25.0 0.05903589835746284 9.0 9.0 5.0 4.9 5.0 2.2 3.00 0.973 2.03 0.00 1.42 295 93.1 7.56e+03 72.4 87.0 1.93e+54 5.21e+52 1.00e+107 2.34 3.17e+53 1.93e+03 428 3.77e+05 133 614
151.4120369793736 37 11.698253008066061 28.598761342521534 25.0 0.05903589835746284 9.0 9.0 5.0 4.9 5.0 2.2 3.00 0.973 2.03 0.00 1.42 295 93.1 7.56e+03 72.4 87.0 1.93e+54 5.21e+52 1.00e+107 2.34 3.17e+53 1.93e+03 428 3.77e+05 133 614
152.4120369793736 37 11.698253008066061 28.598761342521534 25.0 0.05903589835746284 9.0 9.0 5.0 4.9 5.0 2.2 3.00 0.973 2.03 0.00 1.42 295 93.1 7.56e+03 72.4 87.0 1.93e+54 5.21e+52 1.00e+107 2.34 3.17e+53 1.93e+03 428 3.77e+05 133 614
153.4120369793736 37 11.698253008066061 28.598761342521534 25.0 0.05903589835746284 9.0 9.0 5.0 4.9 5.0 2.2 3.00 0.973 2.03 0.00 1.42 295 93.1 7.56e+03 72.4 87.0 1.93e+54 5.21e+52 1.00e+107 2.34 3.17e+53 1.93e+03 428 3.77e+05 133 614
154.4120369793736 37 11.698253008066061 28.598761342521534 25.0 0.05903589835746284 9.0 9.0 5.0 4.9 5.0 2.2 3.00 0.973 2.03 0.00 1.42 295 93.1 7.56e+03 72.4 87.0 1.93e+54 5.21e+52 1.00e+107 2.34 3.17e+53 1.93e+03 428 3.77e+05 133 614
155.4120369793736 37 11.698253008066061 28.598761342521534 25.0 0.05903589835746284 9.0 9.0 5.0 4.9 5.0 2.2 3.00 0.973 2.03 0.00 1.42 295 93.1 7.56e+03 72.4 87.0 1.93e+54 5.21e+52 1.00e+107 2.34 3.17e+53 1.93e+03 428 3.77e+05 133 614
156.4120369793736 37 11.698253008066061 28.598761342521534 25.0 0.05903589835746284 9.0 9.0 5.0 4.9 5.0 2.2 3.00 0.973 2.03 0.00 1.42 295 93.1 7.56e+03 72.4 87.0 1.93e+54 5.21e+52 1.00e+107 2.34 3.17e+53 1.93e+03 428 3.77e+05 133 614
157.00965035019226 40 10.854123257112972 28.913425626794584 27.0 0.05507039729663207 9.0 9.0 5.1 4.7 5.0 2.2 3.00 0.975 2.03 0.00 1.42 295 92.3 7.26e+03 70.7 85.2 1.93e+54 4.82e+52 9.29e+106 1.09 3.05e+53 1.93e+03 402 3.57e+05 133 597
158.00965035019226 40 10.854123257112972 28.913425626794584 27.0 0.05507039729663207 9.0 9.0 5.1 4.7 5.0 2.2 3.00 0.975 2.03 0.00 1.42 295 89.1 7.19e+03 61.9 84.8 1.93e+54 4.82e+52 9.29e+106 1.09 3.05e+53 1.93e+03 398 3.59e+05 100 599
159.00965035019226 40 10.854123257112972 28.913425626794584 27.0 0.05507039729663207 9.0 9.0 5.1 4.7 5.0 2.2 3.00 0.975 2.03 0.00 1.42 295 89.1 7.19e+03 61.9 84.8 1.93e+54 4.82e+52 9.29e+106 1.09 3.05e+53 1.93e+03 397 3.60e+05 100 600
160.00965035019226 40 10.854123257112972 28.913425626794584 27.0 0.05507039729663207 9.0 9.0 5.1 4.7 5.0 2.2 3.00 0.975 2.03 0.00 1.42 295 89.1 7.19e+03 61.9 84.8 1.93e+54 4.82e+52 9.29e+106 1.09 3.05e+53 1.93e+03 396 3.60e+05 100 600
161.00965035019226 40 10.854123257112972 28.913425626794584 27.0 0.05507039729663207 9.0 9.0 5.1 4.7 5.0 2.2 3.00 0.975 2.03 0.00 1.42 295 89.1 7.19e+03 61.9 84.8 1.93e+54 4.82e+52 9.29e+106 1.09 3.05e+53 1.93e+03 394 3.59e+05 100 599
162.00965035019226 40 10.854123257112972 28.913425626794584 27.0 0.05507039729663207 9.0 9.0 5.1 4.7 5.0 2.2 3.00 0.975 2.03 0.00 1.42 295 89.1 7.19e+03 61.9 84.8 1.93e+54 4.82e+52 9.29e+106 1.09 3.05e+53 1.93e+03 393 3.57e+05 100 598
163.00965035019226 40 10.854123257112972 28.913425626794584 27.0 0.05507039729663207 9.0 9.0 5.1 4.7 5.0 2.2 3.00 0.975 2.03 0.00 1.42 295 89.1 7.19e+03 61.9 84.8 1.93e+54 4.82e+52 9.29e+106 1.09 3.05e+53 1.93e+03 392 3.55e+05 100 596
164.00965035019226 40 10.854123257112972 28.913425626794584 27.0 0.05507039729663207 9.0 9.0 5.1 4.7 5.0 2.2 3.00 0.975 2.03 0.00 1.42 295 89.1 7.19e+03 61.9 84.8 1.93e+54 4.82e+52 9.29e+106 1.09 3.05e+53 1.93e+03 391 3.53e+05 100 594
165.00965035019226 40 10.854123257112972 28.913425626794584 27.0 0.05507039729663207 9.0 9.0 5.1 4.7 5.0 2.2 3.00 0.975 2.03 0.00 1.42 295 89.1 7.19e+03 61.9 84.8 1.93e+54 4.82e+52 9.29e+106 1.09 3.05e+53 1.93e+03 390 3.50e+05 100 592
166.00965035019226 40 10.854123257112972 28.913425626794584 27.0 0.05507039729663207 9.0 9.0 5.1 4.7 5.0 2.2 3.00 0.975 2.03 0.00 1.42 295 89.1 7.19e+03 61.9 84.8 1.93e+54 4.82e+52 9.29e+106 1.09 3.05e+53 1.93e+03 389 3.46e+05 100 589
167.00965035019226 40 10.854123257112972 28.913425626794584 27.0 0.05507039729663207 9.0 9.0 5.1 4.7 5.0 2.2 3.00 0.975 2.03 0.00 1.42 295 89.1 7.19e+03 61.9 84.8 1.93e+54 4.82e+52 9.29e+106 1.09 3.05e+53 1.93e+03 387 3.43e+05 100 585
168.00965035019226 40 10.854123257112972 28.913425626794584 27.0 0.05507039729663207 9.0 9.0 5.1 4.7 5.0 2.2 3.00 0.975 2.03 0.00 1.42 295 89.1 7.19e+03 61.9 84.8 1.93e+54 4.82e+52 9.29e+106 1.09 3.05e+53 1.88e+03 386 3.39e+05 100 582
169.00965035019226 40 10.854123257112972 28.913425626794584 27.0 0.05507039729663207 9.0 9.0 5.1 4.7 5.0 2.2 3.00 0.975 2.03 0.00 1.42 295 89.1 7.19e+03 61.9 84.8 1.93e+54 4.82e+52 9.29e+106 1.09 3.05e+53 1.88e+03 386 3.38e+05 100 582
170.00965035019226 40 10.854123257112972 28.913425626794584 27.0 0.05507039729663207 9.0 9.0 5.1 4.7 5.0 2.2 3.00 0.975 2.03 0.00 1.42 295 89.1 7.19e+03 61.9 84.8 2.09e+28 5.54e+26 1.09e+55 0.0428 3.31e+27 1.88e+03 385 3.38e+05 100 582
171.00965035019226 40 10.854123257112972 28.913425626794584 27.0 0.05507039729663207 9.0 9.0 5.1 4.7 5.0 2.2 3.00 0.975 2.03 0.00 1.42 295 89.1 7.19e+03 61.9 84.8 2.09e+28 5.51e+26 1.09e+55 0.0428 3.31e+27 1.88e+03 385 3.38e+05 100 582
172.00965035019226 40 10.854123257112972 28.913425626794584 27.0 0.05507039729663207 9.0 9.0 5.1 4.7 5.0 2.2 3.00 0.975 2.03 0.00 1.42 295 89.1 7.19e+03 61.9 84.8 2.09e+28 5.51e+26 1.09e+55 0.0428 3.31e+27 1.88e+03 385 3.38e+05 100 582
173.00965035019226 40 10.854123257112972 28.913425626794584 27.0 0.05507039729663207 9.0 9.0 5.1 4.7 5.0 2.2 3.00 0.975 2.03 0.00 1.42 295 89.1 7.19e+03 61.9 84.8 2.09e+28 5.51e+26 1.09e+55 0.0428 3.31e+27 1.88e+03 385 3.38e+05 100 582
174.00965035019226 40 10.854123257112972 28.913425626794584 27.0 0.05507039729663207 9.0 9.0 5.1 4.7 5.0 2.2 3.00 0.975 2.03 0.00 1.42 295 89.1 7.19e+03 61.9 84.8 2.09e+28 5.51e+26 1.09e+55 0.0428 3.31e+27 1.88e+03 385 3.38e+05 100 582
175.00965035019226 40 10.854123257112972 28.913425626794584 27.0 0.05507039729663207 9.0 9.0 5.1 4.7 5.0 2.2 3.00 0.975 2.03 0.00 1.42 295 89.1 7.19e+03 61.9 84.8 2.09e+28 5.51e+26 1.09e+55 0.0428 3.31e+27 1.88e+03 385 3.38e+05 100 582
176.00965035019226 40 10.854123257112972 28.913425626794584 27.0 0.05507039729663207 9.0 9.0 5.1 4.7 5.0 2.2 3.00 0.975 2.03 0.00 1.42 295 89.1 7.19e+03 61.9 84.8 2.09e+28 5.51e+26 1.09e+55 0.0428 3.31e+27 1.88e+03 385 3.38e+05 100 582
177.00965035019226 40 10.854123257112972 28.913425626794584 27.0 0.05507039729663207 9.0 9.0 5.1 4.7 5.0 2.2 3.00 0.975 2.03 0.00 1.42 295 89.1 7.19e+03 61.9 84.8 2.09e+28 5.51e+26 1.09e+55 0.0428 3.31e+27 1.88e+03 385 3.38e+05 100 582
178.00965035019226 40 10.854123257112972 28.913425626794584 27.0 0.05507039729663207 9.0 9.0 5.1 4.7 5.0 2.2 3.00 0.975 2.03 0.00 1.42 295 89.1 7.19e+03 61.9 84.8 2.09e+28 5.51e+26 1.09e+55 0.0428 3.31e+27 1.88e+03 385 3.38e+05 100 582
179.00965035019226 40 10.854123257112972 28.913425626794584 27.0 0.05507039729663207 9.0 9.0 5.1 4.7 5.0 2.2 3.00 0.975 2.03 0.00 1.42 295 89.1 7.19e+03 61.9 84.8 2.09e+28 5.51e+26 1.09e+55 0.0428 3.31e+27 1.88e+03 385 3.38e+05 100 582
180.00965035019226 40 10.854123257112972 28.913425626794584 27.0 0.05507039729663207 9.0 9.0 5.1 4.7 5.0 2.2 3.00 0.975 2.03 0.00 1.42 295 89.1 7.19e+03 61.9 84.8 2.09e+28 5.51e+26 1.09e+55 0.0428 3.31e+27 1.88e+03 385 3.38e+05 100 582
181.00965035019226 40 10.854123257112972 28.913425626794584 27.0 0.05507039729663207 9.0 9.0 5.1 4.7 5.0 2.2 3.00 0.975 2.03 0.00 1.42 295 89.1 7.19e+03 61.9 84.8 2.09e+28 5.51e+26 1.09e+55 0.0428 3.31e+27 1.88e+03 385 3.38e+05 100 582
182.00965035019226 40 10.854123257112972 28.913425626794584 27.0 0.05507039729663207 9.0 9.0 5.1 4.7 5.0 2.2 3.00 0.975 2.03 0.00 1.42 295 89.1 7.19e+03 61.9 84.8 2.09e+28 5.51e+26 1.09e+55 0.0428 3.31e+27 1.88e+03 385 3.38e+05 100 582
183.00965035019226 43 10.06885385832679 29.733093267418564 29.0 0.05365752758019815 9.0 9.0 5.0 4.4 5.0 2.1 3.00 0.977 2.02 0.00 1.42 295 86.1 6.80e+03 47.7 82.5 2.09e+28 5.13e+26 1.02e+55 0.00912 3.19e+27 1.88e+03 362 3.22e+05 80.8 567
184.00965035019226 43 10.06885385832679 29.733093267418564 29.0 0.05365752758019815 9.0 9.0 5.0 4.4 5.0 2.1 3.00 0.977 2.02 0.00 1.42 295 84.4 7.00e+03 47.7 83.6 2.09e+28 5.13e+26 1.02e+55 0.00912 3.19e+27 1.88e+03 360 3.23e+05 80.8 568
185.00965035019226 43 10.06885385832679 29.733093267418564 29.0 0.05365752758019815 9.0 9.0 5.0 4.4 5.0 2.1 3.00 0.977 2.02 0.00 1.42 295 84.4 7.00e+03 47.7 83.6 2.09e+28 5.13e+26 1.02e+55 0.00912 3.19e+27 1.88e+03 361 3.22e+05 80.8 568
186.00965035019226 43 10.06885385832679 29.733093267418564 29.0 0.05365752758019815 9.0 9.0 5.0 4.4 5.0 2.1 3.00 0.977 2.02 0.00 1.42 295 84.4 7.00e+03 47.7 83.6 2.09e+28 5.13e+26 1.02e+55 0.00912 3.19e+27 1.88e+03 361 3.22e+05 80.8 568
187.00965035019226 43 10.06885385832679 29.733093267418564 29.0 0.05365752758019815 9.0 9.0 5.0 4.4 5.0 2.1 3.00 0.977 2.02 0.00 1.42 295 84.4 7.00e+03 47.7 83.6 2.09e+28 5.13e+26 1.02e+55 0.00912 3.19e+27 1.88e+03 362 3.22e+05 80.8 568
188.00965035019226 43 10.06885385832679 29.733093267418564 29.0 0.05365752758019815 9.0 9.0 5.0 4.4 5.0 2.1 3.00 0.977 2.02 0.00 1.42 295 84.4 7.00e+03 47.7 83.6 2.09e+28 5.13e+26 1.02e+55 0.00912 3.19e+27 1.88e+03 362 3.23e+05 80.8 568
189.00965035019226 43 10.06885385832679 29.733093267418564 29.0 0.05365752758019815 9.0 9.0 5.0 4.4 5.0 2.1 3.00 0.977 2.02 0.00 1.42 295 84.4 7.00e+03 47.7 83.6 2.09e+28 5.13e+26 1.02e+55 0.00912 3.19e+27 1.88e+03 363 3.23e+05 80.8 569
190.00965035019226 43 10.06885385832679 29.733093267418564 29.0 0.05365752758019815 9.0 9.0 5.0 4.4 5.0 2.1 3.00 0.977 2.02 0.00 1.42 295 84.4 7.00e+03 47.7 83.6 2.09e+28 5.13e+26 1.02e+55 0.00912 3.19e+27 1.88e+03 363 3.24e+05 80.8 569
191.00965035019226 43 10.06885385832679 29.733093267418564 29.0 0.05365752758019815 9.0 9.0 5.0 4.4 5.0 2.1 3.00 0.977 2.02 0.00 1.42 295 84.4 7.00e+03 47.7 83.6 2.09e+28 5.13e+26 1.02e+55 0.00912 3.19e+27 1.88e+03 363 3.25e+05 80.8 570
192.00965035019226 43 10.06885385832679 29.733093267418564 29.0 0.05365752758019815 9.0 9.0 5.0 4.4 5.0 2.1 3.00 0.977 2.02 0.00 1.42 295 84.4 7.00e+03 47.7 83.6 2.09e+28 5.13e+26 1.02e+55 0.00912 3.19e+27 1.88e+03 364 3.26e+05 80.8 571
193.00965035019226 43 10.06885385832679 29.733093267418564 29.0 0.05365752758019815 9.0 9.0 5.0 4.4 5.0 2.1 3.00 0.977 2.02 0.00 1.42 295 84.4 7.00e+03 47.7 83.6 2.09e+28 5.13e+26 1.02e+55 0.00912 3.19e+27 1.88e+03 364 3.27e+05 80.8 572
194.00965035019226 43 10.06885385832679 29.733093267418564 29.0 0.05365752758019815 9.0 9.0 5.0 4.4 5.0 2.1 3.00 0.977 2.02 0.00 1.42 295 84.4 7.00e+03 47.7 83.6 2.09e+28 5.13e+26 1.02e+55 0.00912 3.19e+27 1.88e+03 365 3.29e+05 80.8 573
195.00965035019226 43 10.06885385832679 29.733093267418564 29.0 0.05365752758019815 9.0 9.0 5.0 4.4 5.0 2.1 3.00 0.977 2.02 0.00 1.42 295 84.4 7.00e+03 47.7 83.6 2.09e+28 5.13e+26 1.02e+55 0.00912 3.19e+27 1.90e+03 365 3.30e+05 80.8 575
196.00965035019226 43 10.06885385832679 29.733093267418564 29.0 0.05365752758019815 9.0 9.0 5.0 4.4 5.0 2.1 3.00 0.977 2.02 0.00 1.42 295 84.4 7.00e+03 47.7 83.6 2.09e+28 5.13e+26 1.02e+55 0.00912 3.19e+27 1.90e+03 366 3.30e+05 80.8 575
197.00965035019226 43 10.06885385832679 29.733093267418564 29.0 0.05365752758019815 9.0 9.0 5.0 4.4 5.0 2.1 3.00 0.977 2.02 0.00 1.42 295 84.4 7.00e+03 47.7 83.6 2.31e+15 5.38e+13 1.24e+29 0.168 3.52e+14 1.90e+03 366 3.30e+05 80.8 575
198.00965035019226 43 10.06885385832679 29.733093267418564 29.0 0.05365752758019815 9.0 9.0 5.0 4.4 5.0 2.1 3.00 0.977 2.02 0.00 1.42 295 84.4 7.00e+03 47.7 83.6 2.08e+15 4.84e+13 1.00e+29 0.168 3.17e+14 1.90e+03 366 3.30e+05 80.8 575
199.00965035019226 43 10.06885385832679 29.733093267418564 29.0 0.05365752758019815 9.0 9.0 5.0 4.4 5.0 2.1 3.00 0.977 2.02 0.00 1.42 295 84.4 7.00e+03 47.7 83.6 2.08e+15 4.84e+13 1.00e+29 0.168 3.17e+14 1.90e+03 366 3.30e+05 80.8 575
200.00965035019226 43 10.06885385832679 29.733093267418564 29.0 0.05365752758019815 9.0 9.0 5.0 4.4 5.0 2.1 3.00 0.977 2.02 0.00 1.42 295 84.4 7.00e+03 47.7 83.6 2.08e+15 4.84e+13 1.00e+29 0.168 3.17e+14 1.90e+03 366 3.30e+05 80.8 575
201.00965035019226 43 10.06885385832679 29.733093267418564 29.0 0.05365752758019815 9.0 9.0 5.0 4.4 5.0 2.1 3.00 0.977 2.02 0.00 1.42 295 84.4 7.00e+03 47.7 83.6 2.08e+15 4.84e+13 1.00e+29 0.168 3.17e+14 1.90e+03 366 3.30e+05 80.8 575
202.00965035019226 43 10.06885385832679 29.733093267418564 29.0 0.05365752758019815 9.0 9.0 5.0 4.4 5.0 2.1 3.00 0.977 2.02 0.00 1.42 295 84.4 7.00e+03 47.7 83.6 2.08e+15 4.84e+13 1.00e+29 0.168 3.17e+14 1.90e+03 366 3.30e+05 80.8 575
203.00965035019226 43 10.06885385832679 29.733093267418564 29.0 0.05365752758019815 9.0 9.0 5.0 4.4 5.0 2.1 3.00 0.977 2.02 0.00 1.42 295 84.4 7.00e+03 47.7 83.6 2.08e+15 4.84e+13 1.00e+29 0.168 3.17e+14 1.90e+03 366 3.30e+05 80.8 575
204.00965035019226 43 10.06885385832679 29.733093267418564 29.0 0.05365752758019815 9.0 9.0 5.0 4.4 5.0 2.1 3.00 0.977 2.02 0.00 1.42 295 84.4 7.00e+03 47.7 83.6 2.08e+15 4.84e+13 1.00e+29 0.168 3.17e+14 1.90e+03 366 3.30e+05 80.8 575
205.00965035019226 43 10.06885385832679 29.733093267418564 29.0 0.05365752758019815 9.0 9.0 5.0 4.4 5.0 2.1 3.00 0.977 2.02 0.00 1.42 295 84.4 7.00e+03 47.7 83.6 2.08e+15 4.84e+13 1.00e+29 0.168 3.17e+14 1.90e+03 366 3.30e+05 80.8 575
206.00965035019226 43 10.06885385832679 29.733093267418564 29.0 0.05365752758019815 9.0 9.0 5.0 4.4 5.0 2.1 3.00 0.977 2.02 0.00 1.42 295 84.4 7.00e+03 47.7 83.6 2.08e+15 4.84e+13 1.00e+29 0.168 3.17e+14 1.90e+03 366 3.30e+05 80.8 575
207.00965035019226 43 10.06885385832679 29.733093267418564 29.0 0.05365752758019815 9.0 9.0 5.0 4.4 5.0 2.1 3.00 0.977 2.02 0.00 1.42 295 84.4 7.00e+03 47.7 83.6 2.08e+15 4.84e+13 1.00e+29 0.168 3.17e+14 1.90e+03 366 3.30e+05 80.8 575
208.00965035019226 43 10.06885385832679 29.733093267418564 29.0 0.05365752758019815 9.0 9.0 5.0 4.4 5.0 2.1 3.00 0.977 2.02 0.00 1.42 295 84.4 7.00e+03 47.7 83.6 2.08e+15 4.84e+13 1.00e+29 0.168 3.17e+14 1.90e+03 366 3.30e+05 80.8 575
209.00965035019226 43 10.06885385832679 29.733093267418564 29.0 0.05365752758019815 9.0 9.0 5.0 4.4 5.0 2.1 3.00 0.977 2.02 0.00 1.42 295 84.4 7.00e+03 47.7 83.6 2.08e+15 4.84e+13 1.00e+29 0.168 3.17e+14 1.90e+03 366 3.30e+05 80.8 575
210.00965035019226 43 10.06885385832679 29.733093267418564 29.0 0.05365752758019815 9.0 9.0 5.0 4.4 5.0 2.1 3.00 0.977 2.02 0.00 1.42 295 84.4 7.00e+03 47.7 83.6 2.08e+15 4.84e+13 1.00e+29 0.168 3.17e+14 1.90e+03 366 3.30e+05 80.8 575
211.00965035019226 43 10.06885385832679 29.733093267418564 29.0 0.05365752758019815 9.0 9.0 5.0 4.4 5.0 2.1 3.00 0.977 2.02 0.00 1.42 295 84.4 7.00e+03 47.7 83.6 2.08e+15 4.84e+13 1.00e+29 0.168 3.17e+14 1.90e+03 366 3.30e+05 80.8 575
212.00965035019226 46 9.421064153464163 30.4966838098923 31.0 0.05643363921912158 10.0 9.0 5.2 4.2 5.0 2.1 3.00 0.978 2.02 0.00 1.42 295 82.1 6.88e+03 46.6 82.9 2.08e+15 4.53e+13 9.38e+28 0.0680 3.06e+14 1.90e+03 345 3.15e+05 76.7 561
213.00965035019226 46 9.421064153464163 30.4966838098923 31.0 0.05643363921912158 10.0 9.0 5.2 4.2 5.0 2.1 3.00 0.978 2.02 0.00 1.42 295 82.1 6.88e+03 46.6 82.9 2.08e+15 4.53e+13 9.38e+28 0.0680 3.06e+14 1.90e+03 349 3.13e+05 108 559
214.00965035019226 46 9.421064153464163 30.4966838098923 31.0 0.05643363921912158 10.0 9.0 5.2 4.2 5.0 2.1 3.00 0.978 2.02 0.00 1.42 295 82.1 6.88e+03 46.6 82.9 2.08e+15 4.53e+13 9.38e+28 0.0680 3.06e+14 1.90e+03 352 3.12e+05 108 559
215.00965035019226 46 9.421064153464163 30.4966838098923 31.0 0.05643363921912158 10.0 9.0 5.2 4.2 5.0 2.1 3.00 0.978 2.02 0.00 1.42 295 82.1 6.88e+03 46.6 82.9 2.08e+15 4.53e+13 9.38e+28 0.0680 3.06e+14 1.90e+03 354 3.12e+05 108 558
216.00965035019226 46 9.421064153464163 30.4966838098923 31.0 0.05643363921912158 10.0 9.0 5.2 4.2 5.0 2.1 3.00 0.978 2.02 0.00 1.42 295 82.1 6.88e+03 46.6 82.9 2.08e+15 4.53e+13 9.38e+28 0.0680 3.06e+14 1.90e+03 356 3.12e+05 108 559
217.00965035019226 46 9.421064153464163 30.4966838098923 31.0 0.05643363921912158 10.0 9.0 5.2 4.2 5.0 2.1 3.00 0.978 2.02 0.00 1.42 295 82.1 6.88e+03 46.6 82.9 2.08e+15 4.53e+13 9.38e+28 0.0680 3.06e+14 1.90e+03 359 3.14e+05 108 561
218.00965035019226 46 9.421064153464163 30.4966838098923 31.0 0.05643363921912158 10.0 9.0 5.2 4.2 5.0 2.1 3.00 0.978 2.02 0.00 1.42 295 82.1 6.88e+03 46.6 82.9 2.08e+15 4.53e+13 9.38e+28 0.0680 3.06e+14 1.90e+03 361 3.17e+05 108 563
219.00965035019226 46 9.421064153464163 30.4966838098923 31.0 0.05643363921912158 10.0 9.0 5.2 4.2 5.0 2.1 3.00 0.978 2.02 0.00 1.42 295 82.1 6.88e+03 46.6 82.9 2.08e+15 4.53e+13 9.38e+28 0.0680 3.06e+14 1.90e+03 363 3.21e+05 108 567
220.00965035019226 46 9.421064153464163 30.4966838098923 31.0 0.05643363921912158 10.0 9.0 5.2 4.2 5.0 2.1 3.00 0.978 2.02 0.00 1.42 295 82.1 6.88e+03 46.6 82.9 2.08e+15 4.53e+13 9.38e+28 0.0680 3.06e+14 1.90e+03 365 3.26e+05 108 571
221.00965035019226 46 9.421064153464163 30.4966838098923 31.0 0.05643363921912158 10.0 9.0 5.2 4.2 5.0 2.1 3.00 0.978 2.02 0.00 1.42 295 82.1 6.88e+03 46.6 82.9 2.08e+15 4.53e+13 9.38e+28 0.0680 3.06e+14 1.90e+03 368 3.32e+05 108 576
222.00965035019226 46 9.421064153464163 30.4966838098923 31.0 0.05643363921912158 10.0 9.0 5.2 4.2 5.0 2.1 3.00 0.978 2.02 0.00 1.42 295 82.1 6.88e+03 46.6 82.9 2.08e+15 4.53e+13 9.38e+28 0.0680 3.06e+14 1.94e+03 370 3.39e+05 108 582
223.00965035019226 46 9.421064153464163 30.4966838098923 31.0 0.05643363921912158 10.0 9.0 5.2 4.2 5.0 2.1 3.00 0.978 2.02 0.00 1.42 295 82.1 6.88e+03 46.6 82.9 2.08e+15 4.53e+13 9.38e+28 0.0680 3.06e+14 1.97e+03 372 3.46e+05 108 589
224.00965035019226 46 9.421064153464163 30.4966838098923 31.0 0.05643363921912158 10.0 9.0 5.2 4.2 5.0 2.1 3.00 0.978 2.02 0.00 1.42 295 82.1 6.88e+03 46.6 82.9 2.08e+15 4.53e+13 9.38e+28 0.0680 3.06e+14 2.00e+03 374 3.54e+05 108 595
225.00965035019226 46 9.421064153464163 30.4966838098923 31.0 0.05643363921912158 10.0 9.0 5.2 4.2 5.0 2.1 3.00 0.978 2.02 0.00 1.42 295 82.1 6.88e+03 46.6 82.9 2.08e+15 4.53e+13 9.38e+28 0.0680 3.06e+14 2.00e+03 376 3.55e+05 108 596
226.00965035019226 46 9.421064153464163 30.4966838098923 31.0 0.05643363921912158 10.0 9.0 5.2 4.2 5.0 2.1 3.00 0.978 2.02 0.00 1.42 295 82.1 6.88e+03 46.6 82.9 2.44e+26 5.31e+24 1.29e+51 0.459 3.60e+25 2.00e+03 376 3.55e+05 108 596
227.00965035019226 46 9.421064153464163 30.4966838098923 31.0 0.05643363921912158 10.0 9.0 5.2 4.2 5.0 2.1 3.00 0.978 2.02 0.00 1.42 295 82.1 6.88e+03 46.6 82.9 9.22e+38 2.00e+37 1.85e+76 239 1.36e+38 2.00e+03 376 3.55e+05 108 596
228.00965035019226 46 9.421064153464163 30.4966838098923 31.0 0.05643363921912158 10.0 9.0 5.2 4.2 5.0 2.1 3.00 0.978 2.02 0.00 1.42 295 82.1 6.88e+03 46.6 82.9 9.22e+38 2.00e+37 1.85e+76 239 1.36e+38 2.00e+03 376 3.55e+05 108 596
229.00965035019226 46 9.421064153464163 30.4966838098923 31.0 0.05643363921912158 10.0 9.0 5.2 4.2 5.0 2.1 3.00 0.978 2.02 0.00 1.42 295 82.1 6.88e+03 46.6 82.9 9.22e+38 2.00e+37 1.85e+76 239 1.36e+38 2.00e+03 376 3.55e+05 108 596
230.00965035019226 46 9.421064153464163 30.4966838098923 31.0 0.05643363921912158 10.0 9.0 5.2 4.2 5.0 2.1 3.00 0.978 2.02 0.00 1.42 295 82.1 6.88e+03 46.6 82.9 9.22e+38 2.00e+37 1.85e+76 239 1.36e+38 2.00e+03 376 3.55e+05 108 596
231.00965035019226 46 9.421064153464163 30.4966838098923 31.0 0.05643363921912158 10.0 9.0 5.2 4.2 5.0 2.1 3.00 0.978 2.02 0.00 1.42 295 82.1 6.88e+03 46.6 82.9 9.22e+38 2.00e+37 1.85e+76 239 1.36e+38 2.00e+03 376 3.55e+05 108 596
232.00965035019226 46 9.421064153464163 30.4966838098923 31.0 0.05643363921912158 10.0 9.0 5.2 4.2 5.0 2.1 3.00 0.978 2.02 0.00 1.42 295 82.1 6.88e+03 46.6 82.9 9.22e+38 2.00e+37 1.85e+76 239 1.36e+38 2.00e+03 376 3.55e+05 108 596
233.00965035019226 46 9.421064153464163 30.4966838098923 31.0 0.05643363921912158 10.0 9.0 5.2 4.2 5.0 2.1 3.00 0.978 2.02 0.00 1.42 295 82.1 6.88e+03 46.6 82.9 9.22e+38 2.00e+37 1.85e+76 239 1.36e+38 2.00e+03 376 3.55e+05 108 596
234.00965035019226 46 9.421064153464163 30.4966838098923 31.0 0.05643363921912158 10.0 9.0 5.2 4.2 5.0 2.1 3.00 0.978 2.02 0.00 1.42 295 82.1 6.88e+03 46.6 82.9 9.22e+38 2.00e+37 1.85e+76 239 1.36e+38 2.00e+03 376 3.55e+05 108 596
235.00965035019226 46 9.421064153464163 30.4966838098923 31.0 0.05643363921912158 10.0 9.0 5.2 4.2 5.0 2.1 3.00 0.978 2.02 0.00 1.42 295 82.1 6.88e+03 46.6 82.9 9.22e+38 2.00e+37 1.85e+76 239 1.36e+38 2.00e+03 376 3.55e+05 108 596
236.00965035019226 46 9.421064153464163 30.4966838098923 31.0 0.05643363921912158 10.0 9.0 5.2 4.2 5.0 2.1 3.00 0.978 2.02 0.00 1.42 295 82.1 6.88e+03 46.6 82.9 9.22e+38 2.00e+37 1.85e+76 239 1.36e+38 2.00e+03 376 3.55e+05 108 596
237.00965035019226 46 9.421064153464163 30.4966838098923 31.0 0.05643363921912158 10.0 9.0 5.2 4.2 5.0 2.1 3.00 0.978 2.02 0.00 1.42 295 82.1 6.88e+03 46.6 82.9 9.22e+38 2.00e+37 1.85e+76 239 1.36e+38 2.00e+03 376 3.55e+05 108 596
238.00965035019226 46 9.421064153464163 30.4966838098923 31.0 0.05643363921912158 10.0 9.0 5.2 4.2 5.0 2.1 3.00 0.978 2.02 0.00 1.42 295 82.1 6.88e+03 46.6 82.9 9.22e+38 2.00e+37 1.85e+76 239 1.36e+38 2.00e+03 376 3.55e+05 108 596
239.00965035019226 46 9.421064153464163 30.4966838098923 31.0 0.05643363921912158 10.0 9.0 5.2 4.2 5.0 2.1 3.00 0.978 2.02 0.00 1.42 295 82.1 6.88e+03 46.6 82.9 9.22e+38 2.00e+37 1.85e+76 239 1.36e+38 2.00e+03 376 3.55e+05 108 596
240.00965035019226 46 9.421064153464163 30.4966838098923 31.0 0.05643363921912158 10.0 9.0 5.2 4.2 5.0 2.1 3.00 0.978 2.02 0.00 1.42 295 82.1 6.88e+03 46.6 82.9 9.22e+38 2.00e+37 1.85e+76 239 1.36e+38 2.00e+03 376 3.55e+05 108 596
241.00965035019226 46 9.421064153464163 30.4966838098923 31.0 0.05643363921912158 10.0 9.0 5.2 4.2 5.0 2.1 3.00 0.978 2.02 0.00 1.42 295 82.1 6.88e+03 46.6 82.9 9.22e+38 2.00e+37 1.85e+76 239 1.36e+38 2.00e+03 376 3.55e+05 108 596
242.00965035019226 46 9.421064153464163 30.4966838098923 31.0 0.05643363921912158 10.0 9.0 5.2 4.2 5.0 2.1 3.00 0.978 2.02 0.00 1.42 295 82.1 6.88e+03 46.6 82.9 9.22e+38 2.00e+37 1.85e+76 239 1.36e+38 2.00e+03 376 3.55e+05 108 596
243.00965035019226 46 9.421064153464163 30.4966838098923 31.0 0.05643363921912158 10.0 9.0 5.2 4.2 5.0 2.1 3.00 0.978 2.02 0.00 1.42 295 82.1 6.88e+03 46.6 82.9 9.22e+38 2.00e+37 1.85e+76 239 1.36e+38 2.00e+03 376 3.55e+05 108 596
244.00965035019226 46 9.421064153464163 30.4966838098923 31.0 0.05643363921912158 10.0 9.0 5.2 4.2 5.0 2.1 3.00 0.978 2.02 0.00 1.42 295 82.1 6.88e+03 46.6 82.9 9.22e+38 2.00e+37 1.85e+76 239 1.36e+38 2.00e+03 376 3.55e+05 108 596
245.00965035019226 46 9.421064153464163 30.4966838098923 31.0 0.05643363921912158 10.0 9.0 5.2 4.2 5.0 2.1 3.00 0.978 2.02 0.00 1.42 295 82.1 6.88e+03 46.6 82.9 9.22e+38 2.00e+37 1.85e+76 239 1.36e+38 2.00e+03 376 3.55e+05 108 596
246.00965035019226 46 9.421064153464163 30.4966838098923 31.0 0.05643363921912158 10.0 9.0 5.2 4.2 5.0 2.1 3.00 0.978 2.02 0.00 1.42 295 82.1 6.88e+03 46.6 82.9 9.22e+38 2.00e+37 1.85e+76 239 1.36e+38 2.00e+03 376 3.55e+05 108 596
247.00965035019226 46 9.421064153464163 30.4966838098923 31.0 0.05643363921912158 10.0 9.0 5.2 4.2 5.0 2.1 3.00 0.978 2.02 0.00 1.42 295 82.1 6.88e+03 46.6 82.9 9.22e+38 2.00e+37 1.85e+76 239 1.36e+38 2.00e+03 376 3.55e+05 108 596
248.00965035019226 46 9.421064153464163 30.4966838098923 31.0 0.05643363921912158 10.0 9.0 5.2 4.2 5.0 2.1 3.00 0.978 2.02 0.00 1.42 295 82.1 6.88e+03 46.6 82.9 9.22e+38 2.00e+37 1.85e+76 239 1.36e+38 2.00e+03 376 3.55e+05 108 596
249.00965035019226 46 9.421064153464163 30.4966838098923 31.0 0.05643363921912158 10.0 9.0 5.2 4.2 5.0 2.1 3.00 0.978 2.02 0.00 1.42 295 82.1 6.88e+03 46.6 82.9 9.22e+38 2.00e+37 1.85e+76 239 1.36e+38 2.00e+03 376 3.55e+05 108 596
250.00965035019226 46 9.421064153464163 30.4966838098923 31.0 0.05643363921912158 10.0 9.0 5.2 4.2 5.0 2.1 3.00 0.978 2.02 0.00 1.42 295 82.1 6.88e+03 46.6 82.9 9.22e+38 2.00e+37 1.85e+76 239 1.36e+38 2.00e+03 376 3.55e+05 108 596
251.00965035019226 46 9.421064153464163 30.4966838098923 31.0 0.05643363921912158 10.0 9.0 5.2 4.2 5.0 2.1 3.00 0.978 2.02 0.00 1.42 295 82.1 6.88e+03 46.6 82.9 9.22e+38 2.00e+37 1.85e+76 239 1.36e+38 2.00e+03 376 3.55e+05 108 596
252.00965035019226 46 9.421064153464163 30.4966838098923 31.0 0.05643363921912158 10.0 9.0 5.2 4.2 5.0 2.1 3.00 0.978 2.02 0.00 1.42 295 82.1 6.88e+03 46.6 82.9 9.22e+38 2.00e+37 1.85e+76 239 1.36e+38 2.00e+03 376 3.55e+05 108 596
253.00965035019226 46 9.421064153464163 30.4966838098923 31.0 0.05643363921912158 10.0 9.0 5.2 4.2 5.0 2.1 3.00 0.978 2.02 0.00 1.42 295 82.1 6.88e+03 46.6 82.9 9.22e+38 2.00e+37 1.85e+76 239 1.36e+38 2.00e+03 376 3.55e+05 108 596
254.00965035019226 46 9.421064153464163 30.4966838098923 31.0 0.05643363921912158 10.0 9.0 5.2 4.2 5.0 2.1 3.00 0.978 2.02 0.00 1.42 295 82.1 6.88e+03 46.6 82.9 9.22e+38 2.00e+37 1.85e+76 239 1.36e+38 2.00e+03 376 3.55e+05 108 596
255.00965035019226 46 9.421064153464163 30.4966838098923 31.0 0.05643363921912158 10.0 9.0 5.2 4.2 5.0 2.1 3.00 0.978 2.02 0.00 1.42 295 82.1 6.88e+03 46.6 82.9 9.22e+38 2.00e+37 1.85e+76 239 1.36e+38 2.00e+03 376 3.55e+05 108 596
256.00965035019226 46 9.421064153464163 30.4966838098923 31.0 0.05643363921912158 10.0 9.0 5.2 4.2 5.0 2.1 3.00 0.978 2.02 0.00 1.42 295 82.1 6.88e+03 46.6 82.9 9.22e+38 2.00e+37 1.85e+76 239 1.36e+38 2.00e+03 376 3.55e+05 108 596
257.00965035019226 46 9.421064153464163 30.4966838098923 31.0 0.05643363921912158 10.0 9.0 5.2 4.2 5.0 2.1 3.00 0.978 2.02 0.00 1.42 295 82.1 6.88e+03 46.6 82.9 9.22e+38 2.00e+37 1.85e+76 0.0412 1.36e+38 2.00e+03 376 3.55e+05 108 596
258.00965035019226 46 9.421064153464163 30.4966838098923 31.0 0.05643363921912158 10.0 9.0 5.2 4.2 5.0 2.1 3.00 0.978 2.02 0.00 1.42 295 82.1 6.88e+03 46.6 82.9 450 101 2.08e+04 0.00463 144 2.00e+03 376 3.55e+05 108 596
259.00965035019226 46 9.421064153464163 30.4966838098923 31.0 0.05643363921912158 10.0 9.0 5.2 4.2 5.0 2.1 3.00 0.978 2.02 0.00 1.42 295 82.1 6.88e+03 46.6 82.9 450 101 2.08e+04 0.00463 144 2.00e+03 376 3.55e+05 108 596
260.00965035019226 46 9.421064153464163 30.4966838098923 31.0 0.05643363921912158 10.0 9.0 5.2 4.2 5.0 2.1 3.00 0.978 2.02 0.00 1.42 295 82.1 6.88e+03 46.6 82.9 450 101 2.08e+04 0.00463 144 2.00e+03 376 3.55e+05 108 596
261.00965035019226 46 9.421064153464163 30.4966838098923 31.0 0.05643363921912158 10.0 9.0 5.2 4.2 5.0 2.1 3.00 0.978 2.02 0.00 1.42 295 82.1 6.88e+03 46.6 82.9 450 101 2.08e+04 0.00463 144 2.00e+03 376 3.55e+05 108 596
262.00965035019226 46 9.421064153464163 30.4966838098923 31.0 0.05643363921912158 10.0 9.0 5.2 4.2 5.0 2.1 3.00 0.978 2.02 0.00 1.42 295 82.1 6.88e+03 46.6 82.9 450 101 2.08e+04 0.00463 144 2.00e+03 376 3.55e+05 108 596
263.00965035019226 46 9.421064153464163 30.4966838098923 31.0 0.05643363921912158 10.0 9.0 5.2 4.2 5.0 2.1 3.00 0.978 2.02 0.00 1.42 295 82.1 6.88e+03 46.6 82.9 450 101 2.08e+04 0.00463 144 2.00e+03 376 3.55e+05 108 596
264.00965035019226 46 9.421064153464163 30.4966838098923 31.0 0.05643363921912158 10.0 9.0 5.2 4.2 5.0 2.1 3.00 0.978 2.02 0.00 1.42 295 82.1 6.88e+03 46.6 82.9 450 101 2.08e+04 0.00463 144 2.00e+03 376 3.55e+05 108 596
265.00965035019226 46 9.421064153464163 30.4966838098923 31.0 0.05643363921912158 10.0 9.0 5.2 4.2 5.0 2.1 3.00 0.978 2.02 0.00 1.42 295 82.1 6.88e+03 46.6 82.9 450 101 2.08e+04 0.00463 144 2.00e+03 376 3.55e+05 108 596
266.00965035019226 46 9.421064153464163 30.4966838098923 31.0 0.05643363921912158 10.0 9.0 5.2 4.2 5.0 2.1 3.00 0.978 2.02 0.00 1.42 295 82.1 6.88e+03 46.6 82.9 450 101 2.08e+04 0.00463 144 2.00e+03 376 3.55e+05 108 596
267.00965035019226 46 9.421064153464163 30.4966838098923 31.0 0.05643363921912158 10.0 9.0 5.2 4.2 5.0 2.1 3.00 0.978 2.02 0.00 1.42 295 82.1 6.88e+03 46.6 82.9 450 101 2.08e+04 0.00463 144 2.00e+03 376 3.55e+05 108 596
268.00965035019226 46 9.421064153464163 30.4966838098923 31.0 0.05643363921912158 10.0 9.0 5.2 4.2 5.0 2.1 3.00 0.978 2.02 0.00 1.42 295 82.1 6.88e+03 46.6 82.9 450 101 2.08e+04 0.00463 144 2.00e+03 376 3.55e+05 108 596
269.00965035019226 46 9.421064153464163 30.4966838098923 31.0 0.05643363921912158 10.0 9.0 5.2 4.2 5.0 2.1 3.00 0.978 2.02 0.00 1.42 295 82.1 6.88e+03 46.6 82.9 450 101 2.08e+04 0.00463 144 2.00e+03 376 3.55e+05 108 596
270.00965035019226 46 9.421064153464163 30.4966838098923 31.0 0.05643363921912158 10.0 9.0 5.2 4.2 5.0 2.1 3.00 0.978 2.02 0.00 1.42 295 82.1 6.88e+03 46.6 82.9 450 101 2.08e+04 0.00463 144 2.00e+03 376 3.55e+05 108 596
271.00965035019226 46 9.421064153464163 30.4966838098923 31.0 0.05643363921912158 10.0 9.0 5.2 4.2 5.0 2.1 3.00 0.978 2.02 0.00 1.42 295 82.1 6.88e+03 46.6 82.9 450 101 2.08e+04 0.00463 144 2.00e+03 376 3.55e+05 108 596
272.00965035019226 46 9.421064153464163 30.4966838098923 31.0 0.05643363921912158 10.0 9.0 5.2 4.2 5.0 2.1 3.00 0.978 2.02 0.00 1.42 295 82.1 6.88e+03 46.6 82.9 450 101 2.08e+04 0.00463 144 2.00e+03 376 3.55e+05 108 596
273.00965035019226 46 9.421064153464163 30.4966838098923 31.0 0.05643363921912158 10.0 9.0 5.2 4.2 5.0 2.1 3.00 0.978 2.02 0.00 1.42 295 82.1 6.88e+03 46.6 82.9 450 101 2.08e+04 0.00463 144 2.00e+03 376 3.55e+05 108 596
274.00965035019226 46 9.421064153464163 30.4966838098923 31.0 0.05643363921912158 10.0 9.0 5.2 4.2 5.0 2.1 3.00 0.978 2.02 0.00 1.42 295 82.1 6.88e+03 46.6 82.9 450 101 2.08e+04 0.00463 144 2.00e+03 376 3.55e+05 108 596
275.00965035019226 46 9.421064153464163 30.4966838098923 31.0 0.05643363921912158 10.0 9.0 5.2 4.2 5.0 2.1 3.00 0.978 2.02 0.00 1.42 295 82.1 6.88e+03 46.6 82.9 450 101 2.08e+04 0.00463 144 2.00e+03 376 3.55e+05 108 596
276.00965035019226 46 9.421064153464163 30.4966838098923 31.0 0.05643363921912158 10.0 9.0 5.2 4.2 5.0 2.1 3.00 0.978 2.02 0.00 1.42 295 82.1 6.88e+03 46.6 82.9 450 101 2.08e+04 0.00463 144 2.00e+03 376 3.55e+05 108 596
277.00965035019226 46 9.421064153464163 30.4966838098923 31.0 0.05643363921912158 10.0 9.0 5.2 4.2 5.0 2.1 3.00 0.978 2.02 0.00 1.42 295 82.1 6.88e+03 46.6 82.9 450 101 2.08e+04 0.00463 144 2.00e+03 376 3.55e+05 108 596
278.00965035019226 46 9.421064153464163 30.4966838098923 31.0 0.05643363921912158 10.0 9.0 5.2 4.2 5.0 2.1 3.00 0.978 2.02 0.00 1.42 295 82.1 6.88e+03 46.6 82.9 450 101 2.08e+04 0.00463 144 2.00e+03 376 3.55e+05 108 596
279.00965035019226 46 9.421064153464163 30.4966838098923 31.0 0.05643363921912158 10.0 9.0 5.2 4.2 5.0 2.1 3.00 0.978 2.02 0.00 1.42 295 82.1 6.88e+03 46.6 82.9 450 101 2.08e+04 0.00463 144 2.00e+03 376 3.55e+05 108 596
280.00965035019226 46 9.421064153464163 30.4966838098923 31.0 0.05643363921912158 10.0 9.0 5.2 4.2 5.0 2.1 3.00 0.978 2.02 0.00 1.42 295 82.1 6.88e+03 46.6 82.9 450 101 2.08e+04 0.00463 144 2.00e+03 376 3.55e+05 108 596
281.00965035019226 46 9.421064153464163 30.4966838098923 31.0 0.05643363921912158 10.0 9.0 5.2 4.2 5.0 2.1 3.00 0.978 2.02 0.00 1.42 295 82.1 6.88e+03 46.6 82.9 450 101 2.08e+04 0.00463 144 2.00e+03 376 3.55e+05 108 596
282.00965035019226 46 9.421064153464163 30.4966838098923 31.0 0.05643363921912158 10.0 9.0 5.2 4.2 5.0 2.1 3.00 0.978 2.02 0.00 1.42 295 82.1 6.88e+03 46.6 82.9 450 101 2.08e+04 0.00463 144 2.00e+03 376 3.55e+05 108 596
283.00965035019226 46 9.421064153464163 30.4966838098923 31.0 0.05643363921912158 10.0 9.0 5.2 4.2 5.0 2.1 3.00 0.978 2.02 0.00 1.42 295 82.1 6.88e+03 46.6 82.9 450 101 2.08e+04 0.00463 144 2.00e+03 376 3.55e+05 108 596
284.00965035019226 46 9.421064153464163 30.4966838098923 31.0 0.05643363921912158 10.0 9.0 5.2 4.2 5.0 2.1 3.00 0.978 2.02 0.00 1.42 295 82.1 6.88e+03 46.6 82.9 450 101 2.08e+04 0.00463 144 2.00e+03 376 3.55e+05 108 596
285.00965035019226 46 9.421064153464163 30.4966838098923 31.0 0.05643363921912158 10.0 9.0 5.2 4.2 5.0 2.1 3.00 0.978 2.02 0.00 1.42 295 82.1 6.88e+03 46.6 82.9 450 101 2.08e+04 0.00463 144 2.00e+03 376 3.55e+05 108 596
286.00965035019226 46 9.421064153464163 30.4966838098923 31.0 0.05643363921912158 10.0 9.0 5.2 4.2 5.0 2.1 3.00 0.978 2.02 0.00 1.42 295 82.1 6.88e+03 46.6 82.9 450 101 2.08e+04 0.00463 144 2.00e+03 376 3.55e+05 108 596
287.00965035019226 46 9.421064153464163 30.4966838098923 31.0 0.05643363921912158 10.0 9.0 5.2 4.2 5.0 2.1 3.00 0.978 2.02 0.00 1.42 295 82.1 6.88e+03 46.6 82.9 450 101 2.08e+04 0.00463 144 2.00e+03 376 3.55e+05 108 596
288.00965035019226 46 9.421064153464163 30.4966838098923 31.0 0.05643363921912158 10.0 9.0 5.2 4.2 5.0 2.1 3.00 0.978 2.02 0.00 1.42 295 82.1 6.88e+03 46.6 82.9 450 84.1 1.70e+04 0.00428 130 2.00e+03 376 3.55e+05 108 596
289.00965035019226 46 9.421064153464163 30.4966838098923 31.0 0.05643363921912158 10.0 9.0 5.2 4.2 5.0 2.1 3.00 0.978 2.02 0.00 1.42 295 82.1 6.88e+03 46.6 82.9 450 80.9 1.65e+04 0.00427 128 2.00e+03 376 3.55e+05 108 596
290.00965035019226 46 9.421064153464163 30.4966838098923 31.0 0.05643363921912158 10.0 9.0 5.2 4.2 5.0 2.1 3.00 0.978 2.02 0.00 1.42 295 82.1 6.88e+03 46.6 82.9 450 80.9 1.65e+04 0.00427 128 2.00e+03 376 3.55e+05 108 596
291.00965035019226 46 9.421064153464163 30.4966838098923 31.0 0.05643363921912158 10.0 9.0 5.2 4.2 5.0 2.1 3.00 0.978 2.02 0.00 1.42 295 82.1 6.88e+03 46.6 82.9 450 80.9 1.65e+04 0.00427 128 2.00e+03 376 3.55e+05 108 596
292.00965035019226 46 9.421064153464163 30.4966838098923 31.0 0.05643363921912158 10.0 9.0 5.2 4.2 5.0 2.1 3.00 0.978 2.02 0.00 1.42 295 82.1 6.88e+03 46.6 82.9 450 80.9 1.65e+04 0.00427 128 2.00e+03 376 3.55e+05 108 596
293.00965035019226 46 9.421064153464163 30.4966838098923 31.0 0.05643363921912158 10.0 9.0 5.2 4.2 5.0 2.1 3.00 0.978 2.02 0.00 1.42 295 82.1 6.88e+03 46.6 82.9 450 80.9 1.65e+04 0.00427 128 2.00e+03 376 3.55e+05 108 596
294.00965035019226 46 9.421064153464163 30.4966838098923 31.0 0.05643363921912158 10.0 9.0 5.2 4.2 5.0 2.1 3.00 0.978 2.02 0.00 1.42 295 82.1 6.88e+03 46.6 82.9 450 80.9 1.65e+04 0.00427 128 2.00e+03 376 3.55e+05 108 596
295.00965035019226 46 9.421064153464163 30.4966838098923 31.0 0.05643363921912158 10.0 9.0 5.2 4.2 5.0 2.1 3.00 0.978 2.02 0.00 1.42 295 82.1 6.88e+03 46.6 82.9 450 80.9 1.65e+04 0.00427 128 2.00e+03 376 3.55e+05 108 596
296.00965035019226 46 9.421064153464163 30.4966838098923 31.0 0.05643363921912158 10.0 9.0 5.2 4.2 5.0 2.1 3.00 0.978 2.02 0.00 1.42 295 82.1 6.88e+03 46.6 82.9 450 80.9 1.65e+04 0.00427 128 2.00e+03 376 3.55e+05 108 596
297.00965035019226 46 9.421064153464163 30.4966838098923 31.0 0.05643363921912158 10.0 9.0 5.2 4.2 5.0 2.1 3.00 0.978 2.02 0.00 1.42 295 82.1 6.88e+03 46.6 82.9 450 80.9 1.65e+04 0.00427 128 2.00e+03 376 3.55e+05 108 596
298.00965035019226 46 9.421064153464163 30.4966838098923 31.0 0.05643363921912158 10.0 9.0 5.2 4.2 5.0 2.1 3.00 0.978 2.02 0.00 1.42 295 82.1 6.88e+03 46.6 82.9 450 80.9 1.65e+04 0.00427 128 2.00e+03 376 3.55e+05 108 596
299.00965035019226 46 9.421064153464163 30.4966838098923 31.0 0.05643363921912158 10.0 9.0 5.2 4.2 5.0 2.1 3.00 0.978 2.02 0.00 1.42 295 82.1 6.88e+03 46.6 82.9 450 80.9 1.65e+04 0.00427 128 2.00e+03 376 3.55e+05 108 596
300.00965035019226 46 9.421064153464163 30.4966838098923 31.0 0.05643363921912158 10.0 9.0 5.2 4.2 5.0 2.1 3.00 0.978 2.02 0.00 1.42 295 82.1 6.88e+03 46.6 82.9 450 80.9 1.65e+04 0.00427 128 2.00e+03 376 3.55e+05 108 596
301.00965035019226 46 9.421064153464163 30.4966838098923 31.0 0.05643363921912158 10.0 9.0 5.2 4.2 5.0 2.1 3.00 0.978 2.02 0.00 1.42 295 82.1 6.88e+03 46.6 82.9 450 80.9 1.65e+04 0.00427 128 2.00e+03 376 3.55e+05 108 596
302.00965035019226 46 9.421064153464163 30.4966838098923 31.0 0.05643363921912158 10.0 9.0 5.2 4.2 5.0 2.1 3.00 0.978 2.02 0.00 1.42 295 82.1 6.88e+03 46.6 82.9 450 80.9 1.65e+04 0.00427 128 2.00e+03 376 3.55e+05 108 596
#####################################################################
# End of data export. Simulation finished at: 2025-03-20T15:40+0000 #
#####################################################################
