#####################################################################
# Alchemist log file - simulation started at: 2025-03-20T15:40+0000 #
#####################################################################
#
# seed = 6.0
#
# The columns have the following meaning: 
# time nodes network-hub-xCoord network-hub-yCoord number-of-leaves network-density network-diameter nodes-degree[max] nodes-degree[mean] nodes-degree[variance] nodes-degree[median] nodes-degree[StandardDeviation] children-count[max] children-count[mean] children-count[variance] children-count[median] children-count[StandardDeviation] local-success[max] local-success[mean] local-success[variance] local-success[median] local-success[StandardDeviation] resource[max] resource[mean] resource[variance] resource[median] resource[StandardDeviation] success[max] success[mean] success[variance] success[median] success[StandardDeviation] 
0.0 1 10.0 10.0 1.0 NaN 0.0 0.0 0.0 0.0 0.0 0.0 0.00 0.00 0.00 0.00 0.00 NaN NaN NaN NaN NaN 500 500 0.00 500 0.00 NaN NaN NaN NaN NaN
0.06460426246408058 4 8.662991779483196 9.786285573015093 3.0 0.11135625944780367 2.0 3.0 2.0 0.67 2.0 0.82 3.00 0.750 2.25 0.00 1.50 0.101 0.101 0.00 0.101 0.00 450 113 5.06e+04 0.00 225 0.101 0.101 0.00 0.101 0.00
1.0646042624640806 4 8.662991779483196 9.786285573015093 3.0 0.11135625944780367 2.0 3.0 2.0 0.67 2.0 0.82 3.00 0.750 2.25 0.00 1.50 0.103 0.101 1.60e-06 0.101 0.00126 1.41e+03 1.15e+03 2.17e+05 1.37e+03 466 0.152 0.114 0.000647 0.102 0.0254
2.064604262464081 4 8.662991779483196 9.786285573015093 3.0 0.11135625944780367 2.0 3.0 2.0 0.67 2.0 0.82 3.00 0.750 2.25 0.00 1.50 0.103 0.101 1.60e-06 0.101 0.00126 1.26e+03 1.04e+03 1.58e+05 1.23e+03 397 0.152 0.114 0.000647 0.102 0.0254
3.064604262464081 7 6.970386125376712 11.952779073119947 5.0 0.05652531122695812 3.0 5.0 2.3 1.9 2.0 1.4 3.00 0.857 2.14 0.00 1.46 0.307 0.149 0.00715 0.102 0.0845 1.26e+03 597 3.91e+05 450 625 0.307 0.156 0.00670 0.103 0.0819
4.064604262464081 7 6.970386125376712 11.952779073119947 5.0 0.05652531122695812 3.0 5.0 2.3 1.9 2.0 1.4 3.00 0.857 2.14 0.00 1.46 0.307 0.149 0.00715 0.102 0.0845 485 180 4.40e+04 161 210 0.320 0.203 0.00999 0.230 0.100
5.064604262464081 7 6.970386125376712 11.952779073119947 5.0 0.05652531122695812 3.0 5.0 2.3 1.9 2.0 1.4 3.00 0.857 2.14 0.00 1.46 0.307 0.149 0.00715 0.102 0.0845 3.63e+03 1.25e+03 1.93e+06 450 1.39e+03 0.320 0.203 0.00999 0.230 0.100
6.064604262464081 7 6.970386125376712 11.952779073119947 5.0 0.05652531122695812 3.0 5.0 2.3 1.9 2.0 1.4 3.00 0.857 2.14 0.00 1.46 0.307 0.149 0.00715 0.102 0.0845 3.63e+03 1.25e+03 1.93e+06 450 1.39e+03 0.320 0.203 0.00999 0.230 0.100
7.064604262464081 10 6.008461843979003 14.21188582803642 7.0 0.05247182390905035 4.0 5.0 2.6 1.8 2.0 1.3 3.00 0.900 2.10 0.00 1.45 5.74 1.02 3.72 0.119 1.93 3.63e+03 874 1.65e+06 291 1.28e+03 5.74 1.06 3.65 0.245 1.91
8.06460426246408 10 6.008461843979003 14.21188582803642 7.0 0.05247182390905035 4.0 5.0 2.6 1.8 2.0 1.3 3.00 0.900 2.10 0.00 1.45 5.74 1.02 3.72 0.119 1.93 3.63e+03 874 1.65e+06 291 1.28e+03 5.74 1.58 5.49 0.245 2.34
9.06460426246408 10 6.008461843979003 14.21188582803642 7.0 0.05247182390905035 4.0 5.0 2.6 1.8 2.0 1.3 3.00 0.900 2.10 0.00 1.45 5.74 1.02 3.72 0.119 1.93 3.63e+03 1.06e+03 1.87e+06 271 1.37e+03 5.74 1.97 5.16 0.899 2.27
10.06460426246408 10 6.008461843979003 14.21188582803642 7.0 0.05247182390905035 4.0 5.0 2.6 1.8 2.0 1.3 3.00 0.900 2.10 0.00 1.45 5.74 1.02 3.72 0.119 1.93 2.72e+06 4.33e+05 8.75e+11 1.47e+03 9.35e+05 5.74 1.97 5.16 0.899 2.27
11.06460426246408 10 6.008461843979003 14.21188582803642 7.0 0.05247182390905035 4.0 5.0 2.6 1.8 2.0 1.3 3.00 0.900 2.10 0.00 1.45 5.74 1.02 3.72 0.119 1.93 2.72e+06 4.33e+05 8.75e+11 1.47e+03 9.35e+05 5.74 1.97 5.16 0.899 2.27
12.06460426246408 10 6.008461843979003 14.21188582803642 7.0 0.05247182390905035 4.0 5.0 2.6 1.8 2.0 1.3 3.00 0.900 2.10 0.00 1.45 5.74 1.02 3.72 0.119 1.93 2.72e+06 4.33e+05 8.75e+11 1.47e+03 9.35e+05 5.74 1.97 5.16 0.899 2.27
13.06460426246408 13 7.156817115989701 15.668605684874963 9.0 0.057841959044631706 5.0 6.0 3.1 2.2 3.0 1.5 3.00 0.923 2.08 0.00 1.44 22.2 2.95 37.6 0.230 6.13 2.72e+06 3.33e+05 6.92e+11 450 8.32e+05 22.2 3.68 35.8 1.57 5.99
14.06460426246408 13 7.156817115989701 15.668605684874963 9.0 0.057841959044631706 5.0 6.0 3.1 2.2 3.0 1.5 3.00 0.923 2.08 0.00 1.44 22.2 2.95 37.6 0.230 6.13 2.72e+06 3.33e+05 6.92e+11 450 8.32e+05 28.2 5.41 82.2 1.57 9.07
15.06460426246408 13 7.156817115989701 15.668605684874963 9.0 0.057841959044631706 5.0 6.0 3.1 2.2 3.0 1.5 3.00 0.923 2.08 0.00 1.44 22.2 2.95 37.6 0.230 6.13 2.72e+06 3.33e+05 6.92e+11 450 8.32e+05 28.2 6.45 96.6 1.57 9.83
16.06460426246408 13 7.156817115989701 15.668605684874963 9.0 0.057841959044631706 5.0 6.0 3.1 2.2 3.0 1.5 3.00 0.923 2.08 0.00 1.44 22.2 2.95 37.6 0.230 6.13 2.72e+06 3.33e+05 6.92e+11 450 8.32e+05 28.2 7.23 94.0 3.26 9.69
17.06460426246408 13 7.156817115989701 15.668605684874963 9.0 0.057841959044631706 5.0 6.0 3.1 2.2 3.0 1.5 3.00 0.923 2.08 0.00 1.44 22.2 2.95 37.6 0.230 6.13 3.83e+07 3.29e+06 1.12e+14 1.27e+03 1.06e+07 28.2 7.23 94.0 3.26 9.69
18.06460426246408 13 7.156817115989701 15.668605684874963 9.0 0.057841959044631706 5.0 6.0 3.1 2.2 3.0 1.5 3.00 0.923 2.08 0.00 1.44 22.2 2.95 37.6 0.230 6.13 3.83e+07 3.29e+06 1.12e+14 1.27e+03 1.06e+07 28.2 7.23 94.0 3.26 9.69
19.06460426246408 13 7.156817115989701 15.668605684874963 9.0 0.057841959044631706 5.0 6.0 3.1 2.2 3.0 1.5 3.00 0.923 2.08 0.00 1.44 22.2 2.95 37.6 0.230 6.13 3.83e+07 3.29e+06 1.12e+14 1.27e+03 1.06e+07 28.2 7.23 94.0 3.26 9.69
20.06460426246408 13 7.156817115989701 15.668605684874963 9.0 0.057841959044631706 5.0 6.0 3.1 2.2 3.0 1.5 3.00 0.923 2.08 0.00 1.44 22.2 2.95 37.6 0.230 6.13 3.83e+07 3.29e+06 1.12e+14 1.27e+03 1.06e+07 28.2 7.23 94.0 3.26 9.69
21.06460426246408 16 8.15143744618916 17.596849983782953 11.0 0.04921264357653628 6.0 6.0 3.0 2.7 2.5 1.6 3.00 0.938 2.06 0.00 1.44 101 14.7 1.03e+03 0.426 32.1 3.83e+07 2.67e+06 9.16e+13 251 9.57e+06 101 18.2 995 5.03 31.5
22.06460426246408 16 8.15143744618916 17.596849983782953 11.0 0.04921264357653628 6.0 6.0 3.0 2.7 2.5 1.6 3.00 0.938 2.06 0.00 1.44 101 14.7 1.03e+03 0.426 32.1 3.83e+07 2.67e+06 9.16e+13 251 9.57e+06 196 29.0 2.98e+03 5.03 54.6
23.06460426246408 16 8.15143744618916 17.596849983782953 11.0 0.04921264357653628 6.0 6.0 3.0 2.7 2.5 1.6 3.00 0.938 2.06 0.00 1.44 101 14.7 1.03e+03 0.426 32.1 3.83e+07 2.67e+06 9.16e+13 251 9.57e+06 202 39.9 4.86e+03 5.03 69.7
24.06460426246408 16 8.15143744618916 17.596849983782953 11.0 0.04921264357653628 6.0 6.0 3.0 2.7 2.5 1.6 3.00 0.938 2.06 0.00 1.44 101 14.7 1.03e+03 0.426 32.1 3.83e+07 2.67e+06 9.16e+13 251 9.57e+06 202 46.5 5.26e+03 5.03 72.5
25.06460426246408 16 8.15143744618916 17.596849983782953 11.0 0.04921264357653628 6.0 6.0 3.0 2.7 2.5 1.6 3.00 0.938 2.06 0.00 1.44 101 14.7 1.03e+03 0.426 32.1 3.83e+07 2.67e+06 9.16e+13 251 9.57e+06 202 51.4 5.06e+03 5.29 71.1
26.06460426246408 16 8.15143744618916 17.596849983782953 11.0 0.04921264357653628 6.0 6.0 3.0 2.7 2.5 1.6 3.00 0.938 2.06 0.00 1.44 101 14.7 1.03e+03 0.426 32.1 1.51e+14 1.59e+13 1.96e+27 1.94e+03 4.43e+13 202 51.4 5.06e+03 5.29 71.1
27.06460426246408 16 8.15143744618916 17.596849983782953 11.0 0.04921264357653628 6.0 6.0 3.0 2.7 2.5 1.6 3.00 0.938 2.06 0.00 1.44 101 14.7 1.03e+03 0.426 32.1 1.51e+14 1.59e+13 1.96e+27 1.94e+03 4.43e+13 202 51.4 5.06e+03 5.29 71.1
28.06460426246408 16 8.15143744618916 17.596849983782953 11.0 0.04921264357653628 6.0 6.0 3.0 2.7 2.5 1.6 3.00 0.938 2.06 0.00 1.44 101 14.7 1.03e+03 0.426 32.1 1.51e+14 1.59e+13 1.96e+27 1.94e+03 4.43e+13 202 51.4 5.06e+03 5.29 71.1
29.06460426246408 16 8.15143744618916 17.596849983782953 11.0 0.04921264357653628 6.0 6.0 3.0 2.7 2.5 1.6 3.00 0.938 2.06 0.00 1.44 101 14.7 1.03e+03 0.426 32.1 1.51e+14 1.59e+13 1.96e+27 1.94e+03 4.43e+13 202 51.4 5.06e+03 5.29 71.1
30.06460426246408 16 8.15143744618916 17.596849983782953 11.0 0.04921264357653628 6.0 6.0 3.0 2.7 2.5 1.6 3.00 0.938 2.06 0.00 1.44 101 14.7 1.03e+03 0.426 32.1 1.51e+14 1.59e+13 1.96e+27 1.94e+03 4.43e+13 202 51.4 5.06e+03 5.29 71.1
31.06460426246408 19 9.199848621640015 19.481518712224368 13.0 0.04592179215288471 7.0 6.0 3.3 2.5 3.0 1.6 3.00 0.947 2.05 0.00 1.43 202 29.4 3.05e+03 3.26 55.2 1.51e+14 1.34e+13 1.67e+27 450 4.09e+13 202 60.3 5.63e+03 15.2 75.0
32.06460426246408 19 9.199848621640015 19.481518712224368 13.0 0.04592179215288471 7.0 6.0 3.3 2.5 3.0 1.6 3.00 0.947 2.05 0.00 1.43 202 29.4 3.05e+03 3.26 55.2 1.51e+14 1.34e+13 1.67e+27 450 4.09e+13 323 72.0 9.24e+03 15.2 96.1
33.06460426246408 19 9.199848621640015 19.481518712224368 13.0 0.04592179215288471 7.0 6.0 3.3 2.5 3.0 1.6 3.00 0.947 2.05 0.00 1.43 202 29.4 3.05e+03 3.26 55.2 1.51e+14 1.34e+13 1.67e+27 450 4.09e+13 419 83.7 1.49e+04 15.2 122
34.06460426246408 19 9.199848621640015 19.481518712224368 13.0 0.04592179215288471 7.0 6.0 3.3 2.5 3.0 1.6 3.00 0.947 2.05 0.00 1.43 202 29.4 3.05e+03 3.26 55.2 1.51e+14 1.34e+13 1.67e+27 450 4.09e+13 425 95.4 2.04e+04 15.2 143
35.06460426246408 19 9.199848621640015 19.481518712224368 13.0 0.04592179215288471 7.0 6.0 3.3 2.5 3.0 1.6 3.00 0.947 2.05 0.00 1.43 202 29.4 3.05e+03 3.26 55.2 1.51e+14 1.34e+13 1.67e+27 450 4.09e+13 425 102 2.18e+04 15.2 148
36.06460426246408 19 9.199848621640015 19.481518712224368 13.0 0.04592179215288471 7.0 6.0 3.3 2.5 3.0 1.6 3.00 0.947 2.05 0.00 1.43 202 29.4 3.05e+03 3.26 55.2 1.51e+14 1.34e+13 1.67e+27 450 4.09e+13 425 108 2.15e+04 15.2 147
37.06460426246408 19 9.199848621640015 19.481518712224368 13.0 0.04592179215288471 7.0 6.0 3.3 2.5 3.0 1.6 3.00 0.947 2.05 0.00 1.43 202 29.4 3.05e+03 3.26 55.2 2.33e+32 1.23e+31 2.86e+63 450 5.35e+31 425 108 2.15e+04 15.2 147
38.06460426246408 19 9.199848621640015 19.481518712224368 13.0 0.04592179215288471 7.0 6.0 3.3 2.5 3.0 1.6 3.00 0.947 2.05 0.00 1.43 202 29.4 3.05e+03 3.26 55.2 2.33e+32 1.23e+31 2.86e+63 450 5.35e+31 425 108 2.15e+04 15.2 147
39.06460426246408 19 9.199848621640015 19.481518712224368 13.0 0.04592179215288471 7.0 6.0 3.3 2.5 3.0 1.6 3.00 0.947 2.05 0.00 1.43 202 29.4 3.05e+03 3.26 55.2 2.33e+32 1.23e+31 2.86e+63 450 5.35e+31 425 108 2.15e+04 15.2 147
40.06460426246408 19 9.199848621640015 19.481518712224368 13.0 0.04592179215288471 7.0 6.0 3.3 2.5 3.0 1.6 3.00 0.947 2.05 0.00 1.43 202 29.4 3.05e+03 3.26 55.2 2.33e+32 1.23e+31 2.86e+63 450 5.35e+31 425 108 2.15e+04 15.2 147
41.06460426246408 19 9.199848621640015 19.481518712224368 13.0 0.04592179215288471 7.0 6.0 3.3 2.5 3.0 1.6 3.00 0.947 2.05 0.00 1.43 202 29.4 3.05e+03 3.26 55.2 2.33e+32 1.23e+31 2.86e+63 450 5.35e+31 425 108 2.15e+04 15.2 147
42.06460426246408 19 9.199848621640015 19.481518712224368 13.0 0.04592179215288471 7.0 6.0 3.3 2.5 3.0 1.6 3.00 0.947 2.05 0.00 1.43 202 29.4 3.05e+03 3.26 55.2 2.33e+32 1.23e+31 2.86e+63 450 5.35e+31 425 108 2.15e+04 15.2 147
43.06460426246408 22 9.86531090587201 21.82889810879948 15.0 0.04467755139853185 8.0 6.0 3.2 2.6 3.0 1.6 3.00 0.955 2.05 0.00 1.43 297 49.2 6.30e+03 5.29 79.4 2.33e+32 1.06e+31 2.47e+63 17.9 4.97e+31 425 117 2.01e+04 77.6 142
44.06460426246408 22 9.86531090587201 21.82889810879948 15.0 0.04467755139853185 8.0 6.0 3.2 2.6 3.0 1.6 3.00 0.955 2.05 0.00 1.43 297 49.2 6.30e+03 5.29 79.4 2.33e+32 1.06e+31 2.47e+63 17.9 4.97e+31 525 132 2.74e+04 77.6 166
45.06460426246408 22 9.86531090587201 21.82889810879948 15.0 0.04467755139853185 8.0 6.0 3.2 2.6 3.0 1.6 3.00 0.955 2.05 0.00 1.43 297 49.2 6.30e+03 5.29 79.4 2.33e+32 1.06e+31 2.47e+63 17.9 4.97e+31 646 146 3.81e+04 77.6 195
46.06460426246408 22 9.86531090587201 21.82889810879948 15.0 0.04467755139853185 8.0 6.0 3.2 2.6 3.0 1.6 3.00 0.955 2.05 0.00 1.43 297 49.2 6.30e+03 5.29 79.4 2.33e+32 1.06e+31 2.47e+63 17.9 4.97e+31 741 161 5.12e+04 77.6 226
47.06460426246408 22 9.86531090587201 21.82889810879948 15.0 0.04467755139853185 8.0 6.0 3.2 2.6 3.0 1.6 3.00 0.955 2.05 0.00 1.43 297 49.2 6.30e+03 5.29 79.4 2.33e+32 1.06e+31 2.47e+63 17.9 4.97e+31 747 176 6.40e+04 77.6 253
48.06460426246408 22 9.86531090587201 21.82889810879948 15.0 0.04467755139853185 8.0 6.0 3.2 2.6 3.0 1.6 3.00 0.955 2.05 0.00 1.43 297 49.2 6.30e+03 5.29 79.4 2.33e+32 1.06e+31 2.47e+63 17.9 4.97e+31 747 185 6.73e+04 77.6 259
49.06460426246408 22 9.86531090587201 21.82889810879948 15.0 0.04467755139853185 8.0 6.0 3.2 2.6 3.0 1.6 3.00 0.955 2.05 0.00 1.43 297 49.2 6.30e+03 5.29 79.4 2.33e+32 1.06e+31 2.47e+63 17.9 4.97e+31 747 191 6.67e+04 98.2 258
50.06460426246408 22 9.86531090587201 21.82889810879948 15.0 0.04467755139853185 8.0 6.0 3.2 2.6 3.0 1.6 3.00 0.955 2.05 0.00 1.43 297 49.2 6.30e+03 5.29 79.4 7.55e+62 3.43e+61 2.59e+124 46.7 1.61e+62 747 191 6.67e+04 98.2 258
51.06460426246408 22 9.86531090587201 21.82889810879948 15.0 0.04467755139853185 8.0 6.0 3.2 2.6 3.0 1.6 3.00 0.955 2.05 0.00 1.43 297 49.2 6.30e+03 5.29 79.4 7.55e+62 3.43e+61 2.59e+124 46.7 1.61e+62 747 191 6.67e+04 98.2 258
52.06460426246408 22 9.86531090587201 21.82889810879948 15.0 0.04467755139853185 8.0 6.0 3.2 2.6 3.0 1.6 3.00 0.955 2.05 0.00 1.43 297 49.2 6.30e+03 5.29 79.4 7.55e+62 3.43e+61 2.59e+124 46.7 1.61e+62 747 191 6.67e+04 98.2 258
53.06460426246408 22 9.86531090587201 21.82889810879948 15.0 0.04467755139853185 8.0 6.0 3.2 2.6 3.0 1.6 3.00 0.955 2.05 0.00 1.43 297 49.2 6.30e+03 5.29 79.4 7.55e+62 3.43e+61 2.59e+124 46.7 1.61e+62 747 191 6.67e+04 98.2 258
54.06460426246408 22 9.86531090587201 21.82889810879948 15.0 0.04467755139853185 8.0 6.0 3.2 2.6 3.0 1.6 3.00 0.955 2.05 0.00 1.43 297 49.2 6.30e+03 5.29 79.4 7.55e+62 3.43e+61 2.59e+124 46.7 1.61e+62 747 191 6.67e+04 98.2 258
55.06460426246408 22 9.86531090587201 21.82889810879948 15.0 0.04467755139853185 8.0 6.0 3.2 2.6 3.0 1.6 3.00 0.955 2.05 0.00 1.43 297 49.2 6.30e+03 5.29 79.4 7.55e+62 3.43e+61 2.59e+124 46.7 1.61e+62 747 191 6.67e+04 98.2 258
56.06460426246408 22 9.86531090587201 21.82889810879948 15.0 0.04467755139853185 8.0 6.0 3.2 2.6 3.0 1.6 3.00 0.955 2.05 0.00 1.43 297 49.2 6.30e+03 5.29 79.4 7.55e+62 3.43e+61 2.59e+124 46.7 1.61e+62 747 191 6.67e+04 98.2 258
57.06460426246408 25 9.483861420732108 23.609175097256053 17.0 0.048173831190589274 9.0 6.0 3.1 2.4 3.0 1.6 3.00 0.960 2.04 0.00 1.43 297 63.9 7.20e+03 5.74 84.8 7.55e+62 3.02e+61 2.28e+124 7.51 1.51e+62 747 189 5.85e+04 108 242
58.06460426246408 25 9.483861420732108 23.609175097256053 17.0 0.048173831190589274 9.0 6.0 3.1 2.4 3.0 1.6 3.00 0.960 2.04 0.00 1.43 297 63.9 7.20e+03 5.74 84.8 7.55e+62 3.02e+61 2.28e+124 7.51 1.51e+62 747 198 6.23e+04 108 250
59.06460426246408 25 9.483861420732108 23.609175097256053 17.0 0.048173831190589274 9.0 6.0 3.1 2.4 3.0 1.6 3.00 0.960 2.04 0.00 1.43 297 63.9 7.20e+03 5.74 84.8 7.55e+62 3.02e+61 2.28e+124 7.51 1.51e+62 747 206 7.01e+04 108 265
60.06460426246408 25 9.483861420732108 23.609175097256053 17.0 0.048173831190589274 9.0 6.0 3.1 2.4 3.0 1.6 3.00 0.960 2.04 0.00 1.43 297 63.9 7.20e+03 5.74 84.8 7.55e+62 3.02e+61 2.28e+124 7.51 1.51e+62 864 215 8.00e+04 108 283
61.06460426246408 25 9.483861420732108 23.609175097256053 17.0 0.048173831190589274 9.0 6.0 3.1 2.4 3.0 1.6 3.00 0.960 2.04 0.00 1.43 297 63.9 7.20e+03 5.74 84.8 7.55e+62 3.02e+61 2.28e+124 7.51 1.51e+62 959 224 9.14e+04 108 302
62.06460426246408 25 9.483861420732108 23.609175097256053 17.0 0.048173831190589274 9.0 6.0 3.1 2.4 3.0 1.6 3.00 0.960 2.04 0.00 1.43 297 63.9 7.20e+03 5.74 84.8 7.55e+62 3.02e+61 2.28e+124 7.51 1.51e+62 965 232 1.03e+05 108 321
63.06460426246408 25 9.483861420732108 23.609175097256053 17.0 0.048173831190589274 9.0 6.0 3.1 2.4 3.0 1.6 3.00 0.960 2.04 0.00 1.43 297 63.9 7.20e+03 5.74 84.8 7.55e+62 3.02e+61 2.28e+124 7.51 1.51e+62 965 238 1.06e+05 108 325
64.06460426246409 25 9.483861420732108 23.609175097256053 17.0 0.048173831190589274 9.0 6.0 3.1 2.4 3.0 1.6 3.00 0.960 2.04 0.00 1.43 297 63.9 7.20e+03 5.74 84.8 7.55e+62 3.02e+61 2.28e+124 7.51 1.51e+62 965 241 1.06e+05 108 325
65.06460426246409 25 9.483861420732108 23.609175097256053 17.0 0.048173831190589274 9.0 6.0 3.1 2.4 3.0 1.6 3.00 0.960 2.04 0.00 1.43 297 63.9 7.20e+03 5.74 84.8 8.16e+81 3.27e+80 2.66e+162 1.85 1.63e+81 965 241 1.06e+05 108 325
66.06460426246409 25 9.483861420732108 23.609175097256053 17.0 0.048173831190589274 9.0 6.0 3.1 2.4 3.0 1.6 3.00 0.960 2.04 0.00 1.43 297 63.9 7.20e+03 5.74 84.8 8.16e+81 3.27e+80 2.66e+162 1.85 1.63e+81 965 241 1.06e+05 108 325
67.06460426246409 25 9.483861420732108 23.609175097256053 17.0 0.048173831190589274 9.0 6.0 3.1 2.4 3.0 1.6 3.00 0.960 2.04 0.00 1.43 297 63.9 7.20e+03 5.74 84.8 8.16e+81 3.27e+80 2.66e+162 1.85 1.63e+81 965 241 1.06e+05 108 325
68.06460426246409 25 9.483861420732108 23.609175097256053 17.0 0.048173831190589274 9.0 6.0 3.1 2.4 3.0 1.6 3.00 0.960 2.04 0.00 1.43 297 63.9 7.20e+03 5.74 84.8 8.16e+81 3.27e+80 2.66e+162 1.85 1.63e+81 965 241 1.06e+05 108 325
69.06460426246409 25 9.483861420732108 23.609175097256053 17.0 0.048173831190589274 9.0 6.0 3.1 2.4 3.0 1.6 3.00 0.960 2.04 0.00 1.43 297 63.9 7.20e+03 5.74 84.8 8.16e+81 3.27e+80 2.66e+162 1.85 1.63e+81 965 241 1.06e+05 108 325
70.06460426246409 25 9.483861420732108 23.609175097256053 17.0 0.048173831190589274 9.0 6.0 3.1 2.4 3.0 1.6 3.00 0.960 2.04 0.00 1.43 297 63.9 7.20e+03 5.74 84.8 8.16e+81 3.27e+80 2.66e+162 1.85 1.63e+81 965 241 1.06e+05 108 325
71.06460426246409 25 9.483861420732108 23.609175097256053 17.0 0.048173831190589274 9.0 6.0 3.1 2.4 3.0 1.6 3.00 0.960 2.04 0.00 1.43 297 63.9 7.20e+03 5.74 84.8 8.16e+81 3.27e+80 2.66e+162 1.85 1.63e+81 965 241 1.06e+05 108 325
72.06460426246409 25 9.483861420732108 23.609175097256053 17.0 0.048173831190589274 9.0 6.0 3.1 2.4 3.0 1.6 3.00 0.960 2.04 0.00 1.43 297 63.9 7.20e+03 5.74 84.8 8.16e+81 3.27e+80 2.66e+162 1.85 1.63e+81 965 241 1.06e+05 108 325
73.06460426246409 28 9.62841026257466 25.600490240113064 19.0 0.04684830531095658 10.0 6.0 3.3 2.1 3.0 1.5 3.00 0.964 2.04 0.00 1.43 297 67.0 6.93e+03 18.7 83.2 8.16e+81 2.92e+80 2.38e+162 0.294 1.54e+81 965 226 9.66e+04 107 311
74.06460426246409 28 9.62841026257466 25.600490240113064 19.0 0.04684830531095658 10.0 6.0 3.3 2.1 3.0 1.5 3.00 0.964 2.04 0.00 1.43 297 67.0 6.93e+03 18.7 83.2 8.16e+81 2.92e+80 2.38e+162 0.294 1.54e+81 965 228 9.67e+04 107 311
75.06460426246409 28 9.62841026257466 25.600490240113064 19.0 0.04684830531095658 10.0 6.0 3.3 2.1 3.0 1.5 3.00 0.964 2.04 0.00 1.43 297 67.0 6.93e+03 18.7 83.2 8.16e+81 2.92e+80 2.38e+162 0.294 1.54e+81 965 231 9.87e+04 107 314
76.06460426246409 28 9.62841026257466 25.600490240113064 19.0 0.04684830531095658 10.0 6.0 3.3 2.1 3.0 1.5 3.00 0.964 2.04 0.00 1.43 297 67.0 6.93e+03 18.7 83.2 8.16e+81 2.92e+80 2.38e+162 0.294 1.54e+81 965 234 1.02e+05 107 319
77.06460426246409 28 9.62841026257466 25.600490240113064 19.0 0.04684830531095658 10.0 6.0 3.3 2.1 3.0 1.5 3.00 0.964 2.04 0.00 1.43 297 67.0 6.93e+03 18.7 83.2 8.16e+81 2.92e+80 2.38e+162 0.294 1.54e+81 965 237 1.06e+05 107 326
78.06460426246409 28 9.62841026257466 25.600490240113064 19.0 0.04684830531095658 10.0 6.0 3.3 2.1 3.0 1.5 3.00 0.964 2.04 0.00 1.43 297 67.0 6.93e+03 18.7 83.2 8.16e+81 2.92e+80 2.38e+162 0.294 1.54e+81 1.04e+03 240 1.11e+05 107 333
79.06460426246409 28 9.62841026257466 25.600490240113064 19.0 0.04684830531095658 10.0 6.0 3.3 2.1 3.0 1.5 3.00 0.964 2.04 0.00 1.43 297 67.0 6.93e+03 18.7 83.2 8.16e+81 2.92e+80 2.38e+162 0.294 1.54e+81 1.05e+03 243 1.15e+05 107 340
80.06460426246409 28 9.62841026257466 25.600490240113064 19.0 0.04684830531095658 10.0 6.0 3.3 2.1 3.0 1.5 3.00 0.964 2.04 0.00 1.43 297 67.0 6.93e+03 18.7 83.2 8.16e+81 2.92e+80 2.38e+162 0.294 1.54e+81 1.05e+03 245 1.17e+05 107 342
81.06460426246409 28 9.62841026257466 25.600490240113064 19.0 0.04684830531095658 10.0 6.0 3.3 2.1 3.0 1.5 3.00 0.964 2.04 0.00 1.43 297 67.0 6.93e+03 18.7 83.2 8.16e+81 2.92e+80 2.38e+162 0.294 1.54e+81 1.05e+03 246 1.17e+05 107 342
82.06460426246409 28 9.62841026257466 25.600490240113064 19.0 0.04684830531095658 10.0 6.0 3.3 2.1 3.0 1.5 3.00 0.964 2.04 0.00 1.43 297 67.0 6.93e+03 18.7 83.2 2.07e+57 7.39e+55 1.53e+113 23.1 3.91e+56 1.05e+03 246 1.17e+05 107 342
83.06460426246409 28 9.62841026257466 25.600490240113064 19.0 0.04684830531095658 10.0 6.0 3.3 2.1 3.0 1.5 3.00 0.964 2.04 0.00 1.43 297 67.0 6.93e+03 18.7 83.2 2.07e+57 7.39e+55 1.53e+113 23.1 3.91e+56 1.05e+03 246 1.17e+05 107 342
84.06460426246409 28 9.62841026257466 25.600490240113064 19.0 0.04684830531095658 10.0 6.0 3.3 2.1 3.0 1.5 3.00 0.964 2.04 0.00 1.43 297 67.0 6.93e+03 18.7 83.2 2.07e+57 7.39e+55 1.53e+113 23.1 3.91e+56 1.05e+03 246 1.17e+05 107 342
85.06460426246409 28 9.62841026257466 25.600490240113064 19.0 0.04684830531095658 10.0 6.0 3.3 2.1 3.0 1.5 3.00 0.964 2.04 0.00 1.43 297 67.0 6.93e+03 18.7 83.2 2.07e+57 7.39e+55 1.53e+113 23.1 3.91e+56 1.05e+03 246 1.17e+05 107 342
86.06460426246409 28 9.62841026257466 25.600490240113064 19.0 0.04684830531095658 10.0 6.0 3.3 2.1 3.0 1.5 3.00 0.964 2.04 0.00 1.43 297 67.0 6.93e+03 18.7 83.2 2.07e+57 7.39e+55 1.53e+113 23.1 3.91e+56 1.05e+03 246 1.17e+05 107 342
87.06460426246409 28 9.62841026257466 25.600490240113064 19.0 0.04684830531095658 10.0 6.0 3.3 2.1 3.0 1.5 3.00 0.964 2.04 0.00 1.43 297 67.0 6.93e+03 18.7 83.2 2.07e+57 7.39e+55 1.53e+113 23.1 3.91e+56 1.05e+03 246 1.17e+05 107 342
88.06460426246409 28 9.62841026257466 25.600490240113064 19.0 0.04684830531095658 10.0 6.0 3.3 2.1 3.0 1.5 3.00 0.964 2.04 0.00 1.43 297 67.0 6.93e+03 18.7 83.2 2.07e+57 7.39e+55 1.53e+113 23.1 3.91e+56 1.05e+03 246 1.17e+05 107 342
89.06460426246409 28 9.62841026257466 25.600490240113064 19.0 0.04684830531095658 10.0 6.0 3.3 2.1 3.0 1.5 3.00 0.964 2.04 0.00 1.43 297 67.0 6.93e+03 18.7 83.2 2.07e+57 7.39e+55 1.53e+113 23.1 3.91e+56 1.05e+03 246 1.17e+05 107 342
90.06460426246409 28 9.62841026257466 25.600490240113064 19.0 0.04684830531095658 10.0 6.0 3.3 2.1 3.0 1.5 3.00 0.964 2.04 0.00 1.43 297 67.0 6.93e+03 18.7 83.2 2.07e+57 7.39e+55 1.53e+113 23.1 3.91e+56 1.05e+03 246 1.17e+05 107 342
91.06460426246409 31 9.20263232158686 27.00890526098151 21.0 0.051867766594273355 10.0 7.0 3.5 2.5 3.0 1.6 3.00 0.968 2.03 0.00 1.43 297 68.6 6.41e+03 41.7 80.1 2.07e+57 6.68e+55 1.38e+113 0.315 3.72e+56 1.05e+03 230 1.08e+05 106 328
92.06460426246409 31 9.20263232158686 27.00890526098151 21.0 0.051867766594273355 10.0 7.0 3.5 2.5 3.0 1.6 3.00 0.968 2.03 0.00 1.43 297 68.6 6.41e+03 41.7 80.1 2.07e+57 6.68e+55 1.38e+113 0.315 3.72e+56 1.05e+03 233 1.08e+05 106 328
93.06460426246409 31 9.20263232158686 27.00890526098151 21.0 0.051867766594273355 10.0 7.0 3.5 2.5 3.0 1.6 3.00 0.968 2.03 0.00 1.43 297 68.6 6.41e+03 41.7 80.1 2.07e+57 6.68e+55 1.38e+113 0.315 3.72e+56 1.05e+03 235 1.08e+05 106 328
94.06460426246409 31 9.20263232158686 27.00890526098151 21.0 0.051867766594273355 10.0 7.0 3.5 2.5 3.0 1.6 3.00 0.968 2.03 0.00 1.43 297 68.6 6.41e+03 41.7 80.1 2.07e+57 6.68e+55 1.38e+113 0.315 3.72e+56 1.05e+03 237 1.10e+05 106 331
95.06460426246409 31 9.20263232158686 27.00890526098151 21.0 0.051867766594273355 10.0 7.0 3.5 2.5 3.0 1.6 3.00 0.968 2.03 0.00 1.43 297 68.6 6.41e+03 41.7 80.1 2.07e+57 6.68e+55 1.38e+113 0.315 3.72e+56 1.05e+03 239 1.12e+05 106 335
96.06460426246409 31 9.20263232158686 27.00890526098151 21.0 0.051867766594273355 10.0 7.0 3.5 2.5 3.0 1.6 3.00 0.968 2.03 0.00 1.43 297 68.6 6.41e+03 41.7 80.1 2.07e+57 6.68e+55 1.38e+113 0.315 3.72e+56 1.05e+03 241 1.16e+05 106 340
97.06460426246409 31 9.20263232158686 27.00890526098151 21.0 0.051867766594273355 10.0 7.0 3.5 2.5 3.0 1.6 3.00 0.968 2.03 0.00 1.43 297 68.6 6.41e+03 41.7 80.1 2.07e+57 6.68e+55 1.38e+113 0.315 3.72e+56 1.11e+03 243 1.19e+05 106 345
98.06460426246409 31 9.20263232158686 27.00890526098151 21.0 0.051867766594273355 10.0 7.0 3.5 2.5 3.0 1.6 3.00 0.968 2.03 0.00 1.43 297 68.6 6.41e+03 41.7 80.1 2.07e+57 6.68e+55 1.38e+113 0.315 3.72e+56 1.11e+03 245 1.23e+05 106 351
99.06460426246409 31 9.20263232158686 27.00890526098151 21.0 0.051867766594273355 10.0 7.0 3.5 2.5 3.0 1.6 3.00 0.968 2.03 0.00 1.43 297 68.6 6.41e+03 41.7 80.1 2.07e+57 6.68e+55 1.38e+113 0.315 3.72e+56 1.11e+03 247 1.24e+05 106 352
100.06460426246409 31 9.20263232158686 27.00890526098151 21.0 0.051867766594273355 10.0 7.0 3.5 2.5 3.0 1.6 3.00 0.968 2.03 0.00 1.43 297 68.6 6.41e+03 41.7 80.1 2.07e+57 6.68e+55 1.38e+113 0.315 3.72e+56 1.11e+03 248 1.24e+05 106 352
101.06460426246409 31 9.20263232158686 27.00890526098151 21.0 0.051867766594273355 10.0 7.0 3.5 2.5 3.0 1.6 3.00 0.968 2.03 0.00 1.43 297 68.6 6.41e+03 41.7 80.1 9.61e+51 3.10e+50 2.98e+102 0.142 1.73e+51 1.11e+03 248 1.24e+05 106 352
102.06460426246409 31 9.20263232158686 27.00890526098151 21.0 0.051867766594273355 10.0 7.0 3.5 2.5 3.0 1.6 3.00 0.968 2.03 0.00 1.43 297 68.6 6.41e+03 41.7 80.1 9.61e+51 3.10e+50 2.98e+102 0.142 1.73e+51 1.11e+03 248 1.24e+05 106 352
103.06460426246409 31 9.20263232158686 27.00890526098151 21.0 0.051867766594273355 10.0 7.0 3.5 2.5 3.0 1.6 3.00 0.968 2.03 0.00 1.43 297 68.6 6.41e+03 41.7 80.1 9.61e+51 3.10e+50 2.98e+102 0.142 1.73e+51 1.11e+03 248 1.24e+05 106 352
104.06460426246409 31 9.20263232158686 27.00890526098151 21.0 0.051867766594273355 10.0 7.0 3.5 2.5 3.0 1.6 3.00 0.968 2.03 0.00 1.43 297 68.6 6.41e+03 41.7 80.1 9.61e+51 3.10e+50 2.98e+102 0.142 1.73e+51 1.11e+03 248 1.24e+05 106 352
105.06460426246409 31 9.20263232158686 27.00890526098151 21.0 0.051867766594273355 10.0 7.0 3.5 2.5 3.0 1.6 3.00 0.968 2.03 0.00 1.43 297 68.6 6.41e+03 41.7 80.1 9.61e+51 3.10e+50 2.98e+102 0.142 1.73e+51 1.11e+03 248 1.24e+05 106 352
106.06460426246409 31 9.20263232158686 27.00890526098151 21.0 0.051867766594273355 10.0 7.0 3.5 2.5 3.0 1.6 3.00 0.968 2.03 0.00 1.43 297 68.6 6.41e+03 41.7 80.1 9.61e+51 3.10e+50 2.98e+102 0.142 1.73e+51 1.11e+03 248 1.24e+05 106 352
107.06460426246409 31 9.20263232158686 27.00890526098151 21.0 0.051867766594273355 10.0 7.0 3.5 2.5 3.0 1.6 3.00 0.968 2.03 0.00 1.43 297 68.6 6.41e+03 41.7 80.1 9.61e+51 3.10e+50 2.98e+102 0.142 1.73e+51 1.11e+03 248 1.24e+05 106 352
108.06460426246409 31 9.20263232158686 27.00890526098151 21.0 0.051867766594273355 10.0 7.0 3.5 2.5 3.0 1.6 3.00 0.968 2.03 0.00 1.43 297 68.6 6.41e+03 41.7 80.1 9.61e+51 3.10e+50 2.98e+102 0.142 1.73e+51 1.11e+03 248 1.24e+05 106 352
109.06460426246409 31 9.20263232158686 27.00890526098151 21.0 0.051867766594273355 10.0 7.0 3.5 2.5 3.0 1.6 3.00 0.968 2.03 0.00 1.43 297 68.6 6.41e+03 41.7 80.1 9.61e+51 3.10e+50 2.98e+102 0.142 1.73e+51 1.11e+03 248 1.24e+05 106 352
110.06460426246409 31 9.20263232158686 27.00890526098151 21.0 0.051867766594273355 10.0 7.0 3.5 2.5 3.0 1.6 3.00 0.968 2.03 0.00 1.43 297 68.6 6.41e+03 41.7 80.1 9.61e+51 3.10e+50 2.98e+102 0.142 1.73e+51 1.11e+03 248 1.24e+05 106 352
111.06460426246409 34 9.242227813784345 28.66563838897748 23.0 0.053862488455782814 11.0 7.0 3.8 2.7 4.0 1.6 3.00 0.971 2.03 0.00 1.42 297 65.0 5.97e+03 29.8 77.3 9.61e+51 2.83e+50 2.71e+102 0.129 1.65e+51 1.11e+03 228 1.17e+05 80.9 342
112.06460426246409 34 9.242227813784345 28.66563838897748 23.0 0.053862488455782814 11.0 7.0 3.8 2.7 4.0 1.6 3.00 0.971 2.03 0.00 1.42 297 65.0 5.97e+03 29.8 77.3 9.61e+51 2.83e+50 2.71e+102 0.129 1.65e+51 1.11e+03 227 1.17e+05 77.4 342
113.06460426246409 34 9.242227813784345 28.66563838897748 23.0 0.053862488455782814 11.0 7.0 3.8 2.7 4.0 1.6 3.00 0.971 2.03 0.00 1.42 297 65.0 5.97e+03 29.8 77.3 9.61e+51 2.83e+50 2.71e+102 0.129 1.65e+51 1.11e+03 225 1.17e+05 77.4 342
114.06460426246409 34 9.242227813784345 28.66563838897748 23.0 0.053862488455782814 11.0 7.0 3.8 2.7 4.0 1.6 3.00 0.971 2.03 0.00 1.42 297 65.0 5.97e+03 29.8 77.3 9.61e+51 2.83e+50 2.71e+102 0.129 1.65e+51 1.11e+03 224 1.17e+05 77.4 342
115.06460426246409 34 9.242227813784345 28.66563838897748 23.0 0.053862488455782814 11.0 7.0 3.8 2.7 4.0 1.6 3.00 0.971 2.03 0.00 1.42 297 65.0 5.97e+03 29.8 77.3 9.61e+51 2.83e+50 2.71e+102 0.129 1.65e+51 1.11e+03 222 1.16e+05 77.4 340
116.06460426246409 34 9.242227813784345 28.66563838897748 23.0 0.053862488455782814 11.0 7.0 3.8 2.7 4.0 1.6 3.00 0.971 2.03 0.00 1.42 297 65.0 5.97e+03 29.8 77.3 9.61e+51 2.83e+50 2.71e+102 0.129 1.65e+51 1.11e+03 221 1.14e+05 77.4 337
117.06460426246409 34 9.242227813784345 28.66563838897748 23.0 0.053862488455782814 11.0 7.0 3.8 2.7 4.0 1.6 3.00 0.971 2.03 0.00 1.42 297 65.0 5.97e+03 29.8 77.3 9.61e+51 2.83e+50 2.71e+102 0.129 1.65e+51 1.11e+03 219 1.11e+05 77.4 333
118.06460426246409 34 9.242227813784345 28.66563838897748 23.0 0.053862488455782814 11.0 7.0 3.8 2.7 4.0 1.6 3.00 0.971 2.03 0.00 1.42 297 65.0 5.97e+03 29.8 77.3 9.61e+51 2.83e+50 2.71e+102 0.129 1.65e+51 1.11e+03 217 1.08e+05 77.4 329
119.06460426246409 34 9.242227813784345 28.66563838897748 23.0 0.053862488455782814 11.0 7.0 3.8 2.7 4.0 1.6 3.00 0.971 2.03 0.00 1.42 297 65.0 5.97e+03 29.8 77.3 9.61e+51 2.83e+50 2.71e+102 0.129 1.65e+51 1.06e+03 216 1.06e+05 77.4 325
120.06460426246409 34 9.242227813784345 28.66563838897748 23.0 0.053862488455782814 11.0 7.0 3.8 2.7 4.0 1.6 3.00 0.971 2.03 0.00 1.42 297 65.0 5.97e+03 29.8 77.3 9.61e+51 2.83e+50 2.71e+102 0.129 1.65e+51 1.06e+03 215 1.05e+05 77.4 324
121.06460426246409 34 9.242227813784345 28.66563838897748 23.0 0.053862488455782814 11.0 7.0 3.8 2.7 4.0 1.6 3.00 0.971 2.03 0.00 1.42 297 65.0 5.97e+03 29.8 77.3 9.61e+51 2.83e+50 2.71e+102 0.134 1.65e+51 1.06e+03 214 1.05e+05 77.4 324
122.06460426246409 34 9.242227813784345 28.66563838897748 23.0 0.053862488455782814 11.0 7.0 3.8 2.7 4.0 1.6 3.00 0.971 2.03 0.00 1.42 297 65.0 5.97e+03 29.8 77.3 2.79e+22 8.23e+20 2.28e+43 0.109 4.78e+21 1.06e+03 214 1.05e+05 77.4 324
123.06460426246409 34 9.242227813784345 28.66563838897748 23.0 0.053862488455782814 11.0 7.0 3.8 2.7 4.0 1.6 3.00 0.971 2.03 0.00 1.42 297 65.0 5.97e+03 29.8 77.3 2.79e+22 8.23e+20 2.28e+43 0.109 4.78e+21 1.06e+03 214 1.05e+05 77.4 324
124.06460426246409 34 9.242227813784345 28.66563838897748 23.0 0.053862488455782814 11.0 7.0 3.8 2.7 4.0 1.6 3.00 0.971 2.03 0.00 1.42 297 65.0 5.97e+03 29.8 77.3 2.79e+22 8.23e+20 2.28e+43 0.109 4.78e+21 1.06e+03 214 1.05e+05 77.4 324
125.06460426246409 34 9.242227813784345 28.66563838897748 23.0 0.053862488455782814 11.0 7.0 3.8 2.7 4.0 1.6 3.00 0.971 2.03 0.00 1.42 297 65.0 5.97e+03 29.8 77.3 2.79e+22 8.23e+20 2.28e+43 0.109 4.78e+21 1.06e+03 214 1.05e+05 77.4 324
126.06460426246409 34 9.242227813784345 28.66563838897748 23.0 0.053862488455782814 11.0 7.0 3.8 2.7 4.0 1.6 3.00 0.971 2.03 0.00 1.42 297 65.0 5.97e+03 29.8 77.3 2.79e+22 8.23e+20 2.28e+43 0.109 4.78e+21 1.06e+03 214 1.05e+05 77.4 324
127.06460426246409 34 9.242227813784345 28.66563838897748 23.0 0.053862488455782814 11.0 7.0 3.8 2.7 4.0 1.6 3.00 0.971 2.03 0.00 1.42 297 65.0 5.97e+03 29.8 77.3 2.79e+22 8.23e+20 2.28e+43 0.109 4.78e+21 1.06e+03 214 1.05e+05 77.4 324
128.0646042624641 34 9.242227813784345 28.66563838897748 23.0 0.053862488455782814 11.0 7.0 3.8 2.7 4.0 1.6 3.00 0.971 2.03 0.00 1.42 297 65.0 5.97e+03 29.8 77.3 2.79e+22 8.23e+20 2.28e+43 0.109 4.78e+21 1.06e+03 214 1.05e+05 77.4 324
129.0646042624641 34 9.242227813784345 28.66563838897748 23.0 0.053862488455782814 11.0 7.0 3.8 2.7 4.0 1.6 3.00 0.971 2.03 0.00 1.42 297 65.0 5.97e+03 29.8 77.3 2.79e+22 8.23e+20 2.28e+43 0.109 4.78e+21 1.06e+03 214 1.05e+05 77.4 324
130.0646042624641 34 9.242227813784345 28.66563838897748 23.0 0.053862488455782814 11.0 7.0 3.8 2.7 4.0 1.6 3.00 0.971 2.03 0.00 1.42 297 65.0 5.97e+03 29.8 77.3 2.79e+22 8.23e+20 2.28e+43 0.109 4.78e+21 1.06e+03 214 1.05e+05 77.4 324
131.0646042624641 34 9.242227813784345 28.66563838897748 23.0 0.053862488455782814 11.0 7.0 3.8 2.7 4.0 1.6 3.00 0.971 2.03 0.00 1.42 297 65.0 5.97e+03 29.8 77.3 2.79e+22 8.23e+20 2.28e+43 0.109 4.78e+21 1.06e+03 214 1.05e+05 77.4 324
132.0646042624641 34 9.242227813784345 28.66563838897748 23.0 0.053862488455782814 11.0 7.0 3.8 2.7 4.0 1.6 3.00 0.971 2.03 0.00 1.42 297 65.0 5.97e+03 29.8 77.3 2.79e+22 8.23e+20 2.28e+43 0.109 4.78e+21 1.06e+03 214 1.05e+05 77.4 324
133.0646042624641 37 9.148535826375042 30.35458569194399 25.0 0.053750990094530084 12.0 7.0 4.1 3.3 4.0 1.8 3.00 0.973 2.03 0.00 1.42 297 60.0 5.76e+03 23.4 75.9 2.79e+22 7.56e+20 2.10e+43 0.0658 4.58e+21 1.06e+03 197 9.93e+04 48.2 315
134.0646042624641 37 9.148535826375042 30.35458569194399 25.0 0.053750990094530084 12.0 7.0 4.1 3.3 4.0 1.8 3.00 0.973 2.03 0.00 1.42 297 60.0 5.76e+03 23.4 75.9 2.79e+22 7.56e+20 2.10e+43 0.0658 4.58e+21 1.06e+03 197 9.95e+04 48.2 316
135.0646042624641 37 9.148535826375042 30.35458569194399 25.0 0.053750990094530084 12.0 7.0 4.1 3.3 4.0 1.8 3.00 0.973 2.03 0.00 1.42 297 60.0 5.76e+03 23.4 75.9 2.79e+22 7.56e+20 2.10e+43 0.0658 4.58e+21 1.06e+03 196 9.97e+04 48.2 316
136.0646042624641 37 9.148535826375042 30.35458569194399 25.0 0.053750990094530084 12.0 7.0 4.1 3.3 4.0 1.8 3.00 0.973 2.03 0.00 1.42 297 60.0 5.76e+03 23.4 75.9 2.79e+22 7.56e+20 2.10e+43 0.0658 4.58e+21 1.06e+03 195 9.97e+04 48.2 316
137.0646042624641 37 9.148535826375042 30.35458569194399 25.0 0.053750990094530084 12.0 7.0 4.1 3.3 4.0 1.8 3.00 0.973 2.03 0.00 1.42 297 60.0 5.76e+03 23.4 75.9 2.79e+22 7.56e+20 2.10e+43 0.0658 4.58e+21 1.06e+03 195 9.96e+04 48.2 316
138.0646042624641 37 9.148535826375042 30.35458569194399 25.0 0.053750990094530084 12.0 7.0 4.1 3.3 4.0 1.8 3.00 0.973 2.03 0.00 1.42 297 60.0 5.76e+03 23.4 75.9 2.79e+22 7.56e+20 2.10e+43 0.0658 4.58e+21 1.06e+03 194 9.91e+04 48.2 315
139.0646042624641 37 9.148535826375042 30.35458569194399 25.0 0.053750990094530084 12.0 7.0 4.1 3.3 4.0 1.8 3.00 0.973 2.03 0.00 1.42 297 60.0 5.76e+03 23.4 75.9 2.79e+22 7.56e+20 2.10e+43 0.0658 4.58e+21 1.06e+03 193 9.83e+04 48.2 313
140.0646042624641 37 9.148535826375042 30.35458569194399 25.0 0.053750990094530084 12.0 7.0 4.1 3.3 4.0 1.8 3.00 0.973 2.03 0.00 1.42 297 60.0 5.76e+03 23.4 75.9 2.79e+22 7.56e+20 2.10e+43 0.0658 4.58e+21 1.06e+03 193 9.73e+04 48.2 312
141.0646042624641 37 9.148535826375042 30.35458569194399 25.0 0.053750990094530084 12.0 7.0 4.1 3.3 4.0 1.8 3.00 0.973 2.03 0.00 1.42 297 60.0 5.76e+03 23.4 75.9 2.79e+22 7.56e+20 2.10e+43 0.0658 4.58e+21 1.06e+03 192 9.62e+04 48.2 310
142.0646042624641 37 9.148535826375042 30.35458569194399 25.0 0.053750990094530084 12.0 7.0 4.1 3.3 4.0 1.8 3.00 0.973 2.03 0.00 1.42 297 60.0 5.76e+03 23.4 75.9 2.79e+22 7.56e+20 2.10e+43 0.0658 4.58e+21 1.04e+03 192 9.51e+04 48.2 308
143.0646042624641 37 9.148535826375042 30.35458569194399 25.0 0.053750990094530084 12.0 7.0 4.1 3.3 4.0 1.8 3.00 0.973 2.03 0.00 1.42 297 60.0 5.76e+03 23.4 75.9 2.79e+22 7.56e+20 2.10e+43 0.0658 4.58e+21 1.04e+03 191 9.47e+04 48.2 308
144.0646042624641 37 9.148535826375042 30.35458569194399 25.0 0.053750990094530084 12.0 7.0 4.1 3.3 4.0 1.8 3.00 0.973 2.03 0.00 1.42 297 60.0 5.76e+03 23.4 75.9 2.79e+22 7.56e+20 2.10e+43 0.0658 4.58e+21 1.04e+03 191 9.47e+04 48.2 308
145.0646042624641 37 9.148535826375042 30.35458569194399 25.0 0.053750990094530084 12.0 7.0 4.1 3.3 4.0 1.8 3.00 0.973 2.03 0.00 1.42 297 60.0 5.76e+03 23.4 75.9 450 67.9 1.71e+04 0.0726 131 1.04e+03 191 9.47e+04 48.2 308
146.0646042624641 37 9.148535826375042 30.35458569194399 25.0 0.053750990094530084 12.0 7.0 4.1 3.3 4.0 1.8 3.00 0.973 2.03 0.00 1.42 297 60.0 5.76e+03 23.4 75.9 450 67.9 1.71e+04 0.0726 131 1.04e+03 191 9.47e+04 48.2 308
147.0646042624641 37 9.148535826375042 30.35458569194399 25.0 0.053750990094530084 12.0 7.0 4.1 3.3 4.0 1.8 3.00 0.973 2.03 0.00 1.42 297 60.0 5.76e+03 23.4 75.9 450 67.9 1.71e+04 0.0726 131 1.04e+03 191 9.47e+04 48.2 308
148.0646042624641 37 9.148535826375042 30.35458569194399 25.0 0.053750990094530084 12.0 7.0 4.1 3.3 4.0 1.8 3.00 0.973 2.03 0.00 1.42 297 60.0 5.76e+03 23.4 75.9 450 67.9 1.71e+04 0.0726 131 1.04e+03 191 9.47e+04 48.2 308
149.0646042624641 37 9.148535826375042 30.35458569194399 25.0 0.053750990094530084 12.0 7.0 4.1 3.3 4.0 1.8 3.00 0.973 2.03 0.00 1.42 297 60.0 5.76e+03 23.4 75.9 450 67.9 1.71e+04 0.0726 131 1.04e+03 191 9.47e+04 48.2 308
150.0646042624641 37 9.148535826375042 30.35458569194399 25.0 0.053750990094530084 12.0 7.0 4.1 3.3 4.0 1.8 3.00 0.973 2.03 0.00 1.42 297 60.0 5.76e+03 23.4 75.9 450 67.9 1.71e+04 0.0726 131 1.04e+03 191 9.47e+04 48.2 308
151.0646042624641 37 9.148535826375042 30.35458569194399 25.0 0.053750990094530084 12.0 7.0 4.1 3.3 4.0 1.8 3.00 0.973 2.03 0.00 1.42 297 60.0 5.76e+03 23.4 75.9 450 67.9 1.71e+04 0.0726 131 1.04e+03 191 9.47e+04 48.2 308
152.0646042624641 37 9.148535826375042 30.35458569194399 25.0 0.053750990094530084 12.0 7.0 4.1 3.3 4.0 1.8 3.00 0.973 2.03 0.00 1.42 297 60.0 5.76e+03 23.4 75.9 450 67.9 1.71e+04 0.0726 131 1.04e+03 191 9.47e+04 48.2 308
153.0646042624641 37 9.148535826375042 30.35458569194399 25.0 0.053750990094530084 12.0 7.0 4.1 3.3 4.0 1.8 3.00 0.973 2.03 0.00 1.42 297 60.0 5.76e+03 23.4 75.9 450 67.9 1.71e+04 0.0726 131 1.04e+03 191 9.47e+04 48.2 308
154.0646042624641 37 9.148535826375042 30.35458569194399 25.0 0.053750990094530084 12.0 7.0 4.1 3.3 4.0 1.8 3.00 0.973 2.03 0.00 1.42 297 60.0 5.76e+03 23.4 75.9 450 67.9 1.71e+04 0.0726 131 1.04e+03 191 9.47e+04 48.2 308
155.0646042624641 37 9.148535826375042 30.35458569194399 25.0 0.053750990094530084 12.0 7.0 4.1 3.3 4.0 1.8 3.00 0.973 2.03 0.00 1.42 297 60.0 5.76e+03 23.4 75.9 450 67.9 1.71e+04 0.0726 131 1.04e+03 191 9.47e+04 48.2 308
156.0646042624641 37 9.148535826375042 30.35458569194399 25.0 0.053750990094530084 12.0 7.0 4.1 3.3 4.0 1.8 3.00 0.973 2.03 0.00 1.42 297 60.0 5.76e+03 23.4 75.9 450 67.9 1.71e+04 0.0726 131 1.04e+03 191 9.47e+04 48.2 308
157.0646042624641 40 9.198907462143378 31.94763378602366 27.0 0.052968947782353844 13.0 8.0 4.4 4.0 4.0 2.0 3.00 0.975 2.03 0.00 1.42 297 55.8 5.54e+03 18.7 74.5 450 62.8 1.61e+04 0.0468 127 1.04e+03 177 8.99e+04 44.7 300
158.0646042624641 40 9.198907462143378 31.94763378602366 27.0 0.052968947782353844 13.0 8.0 4.4 4.0 4.0 2.0 3.00 0.975 2.03 0.00 1.42 297 55.8 5.54e+03 18.7 74.5 450 62.8 1.61e+04 0.0468 127 1.04e+03 177 8.99e+04 44.7 300
159.0646042624641 40 9.198907462143378 31.94763378602366 27.0 0.052968947782353844 13.0 8.0 4.4 4.0 4.0 2.0 3.00 0.975 2.03 0.00 1.42 297 55.8 5.54e+03 18.7 74.5 450 62.8 1.61e+04 0.0468 127 1.04e+03 177 8.98e+04 44.7 300
160.0646042624641 40 9.198907462143378 31.94763378602366 27.0 0.052968947782353844 13.0 8.0 4.4 4.0 4.0 2.0 3.00 0.975 2.03 0.00 1.42 297 55.8 5.54e+03 18.7 74.5 450 62.8 1.61e+04 0.0468 127 1.04e+03 177 8.98e+04 44.7 300
161.0646042624641 40 9.198907462143378 31.94763378602366 27.0 0.052968947782353844 13.0 8.0 4.4 4.0 4.0 2.0 3.00 0.975 2.03 0.00 1.42 297 55.8 5.54e+03 18.7 74.5 450 62.8 1.61e+04 0.0468 127 1.04e+03 177 8.98e+04 44.7 300
162.0646042624641 40 9.198907462143378 31.94763378602366 27.0 0.052968947782353844 13.0 8.0 4.4 4.0 4.0 2.0 3.00 0.975 2.03 0.00 1.42 297 55.8 5.54e+03 18.7 74.5 450 62.8 1.61e+04 0.0468 127 1.04e+03 177 8.98e+04 44.7 300
163.0646042624641 40 9.198907462143378 31.94763378602366 27.0 0.052968947782353844 13.0 8.0 4.4 4.0 4.0 2.0 3.00 0.975 2.03 0.00 1.42 297 55.8 5.54e+03 18.7 74.5 450 62.8 1.61e+04 0.0468 127 1.04e+03 177 8.99e+04 44.7 300
164.0646042624641 40 9.198907462143378 31.94763378602366 27.0 0.052968947782353844 13.0 8.0 4.4 4.0 4.0 2.0 3.00 0.975 2.03 0.00 1.42 297 55.8 5.54e+03 18.7 74.5 450 62.8 1.61e+04 0.0468 127 1.04e+03 177 9.00e+04 44.7 300
165.0646042624641 40 9.198907462143378 31.94763378602366 27.0 0.052968947782353844 13.0 8.0 4.4 4.0 4.0 2.0 3.00 0.975 2.03 0.00 1.42 297 55.8 5.54e+03 18.7 74.5 450 62.8 1.61e+04 0.0468 127 1.04e+03 178 9.02e+04 44.7 300
166.0646042624641 40 9.198907462143378 31.94763378602366 27.0 0.052968947782353844 13.0 8.0 4.4 4.0 4.0 2.0 3.00 0.975 2.03 0.00 1.42 297 55.8 5.54e+03 18.7 74.5 450 62.8 1.61e+04 0.0468 127 1.04e+03 178 9.04e+04 44.7 301
167.0646042624641 40 9.198907462143378 31.94763378602366 27.0 0.052968947782353844 13.0 8.0 4.4 4.0 4.0 2.0 3.00 0.975 2.03 0.00 1.42 297 55.8 5.54e+03 18.7 74.5 450 62.8 1.61e+04 0.0468 127 1.04e+03 178 9.05e+04 44.7 301
168.0646042624641 40 9.198907462143378 31.94763378602366 27.0 0.052968947782353844 13.0 8.0 4.4 4.0 4.0 2.0 3.00 0.975 2.03 0.00 1.42 297 55.8 5.54e+03 18.7 74.5 450 62.8 1.61e+04 0.0468 127 1.04e+03 178 9.06e+04 44.7 301
169.0646042624641 40 9.198907462143378 31.94763378602366 27.0 0.052968947782353844 13.0 8.0 4.4 4.0 4.0 2.0 3.00 0.975 2.03 0.00 1.42 297 55.8 5.54e+03 18.7 74.5 450 64.2 1.71e+04 0.0468 131 1.04e+03 178 9.06e+04 44.7 301
170.0646042624641 40 9.198907462143378 31.94763378602366 27.0 0.052968947782353844 13.0 8.0 4.4 4.0 4.0 2.0 3.00 0.975 2.03 0.00 1.42 297 55.8 5.54e+03 18.7 74.5 450 71.4 1.87e+04 0.105 137 1.04e+03 178 9.06e+04 44.7 301
171.0646042624641 40 9.198907462143378 31.94763378602366 27.0 0.052968947782353844 13.0 8.0 4.4 4.0 4.0 2.0 3.00 0.975 2.03 0.00 1.42 297 55.8 5.54e+03 18.7 74.5 450 71.4 1.87e+04 0.105 137 1.04e+03 178 9.06e+04 44.7 301
172.0646042624641 40 9.198907462143378 31.94763378602366 27.0 0.052968947782353844 13.0 8.0 4.4 4.0 4.0 2.0 3.00 0.975 2.03 0.00 1.42 297 55.8 5.54e+03 18.7 74.5 450 71.4 1.87e+04 0.105 137 1.04e+03 178 9.06e+04 44.7 301
173.0646042624641 40 9.198907462143378 31.94763378602366 27.0 0.052968947782353844 13.0 8.0 4.4 4.0 4.0 2.0 3.00 0.975 2.03 0.00 1.42 297 55.8 5.54e+03 18.7 74.5 450 71.4 1.87e+04 0.105 137 1.04e+03 178 9.06e+04 44.7 301
174.0646042624641 40 9.198907462143378 31.94763378602366 27.0 0.052968947782353844 13.0 8.0 4.4 4.0 4.0 2.0 3.00 0.975 2.03 0.00 1.42 297 55.8 5.54e+03 18.7 74.5 450 71.4 1.87e+04 0.105 137 1.04e+03 178 9.06e+04 44.7 301
175.0646042624641 40 9.198907462143378 31.94763378602366 27.0 0.052968947782353844 13.0 8.0 4.4 4.0 4.0 2.0 3.00 0.975 2.03 0.00 1.42 297 55.8 5.54e+03 18.7 74.5 450 71.4 1.87e+04 0.105 137 1.04e+03 178 9.06e+04 44.7 301
176.0646042624641 40 9.198907462143378 31.94763378602366 27.0 0.052968947782353844 13.0 8.0 4.4 4.0 4.0 2.0 3.00 0.975 2.03 0.00 1.42 297 55.8 5.54e+03 18.7 74.5 450 71.4 1.87e+04 0.105 137 1.04e+03 178 9.06e+04 44.7 301
177.0646042624641 40 9.198907462143378 31.94763378602366 27.0 0.052968947782353844 13.0 8.0 4.4 4.0 4.0 2.0 3.00 0.975 2.03 0.00 1.42 297 55.8 5.54e+03 18.7 74.5 450 71.4 1.87e+04 0.105 137 1.04e+03 178 9.06e+04 44.7 301
178.0646042624641 40 9.198907462143378 31.94763378602366 27.0 0.052968947782353844 13.0 8.0 4.4 4.0 4.0 2.0 3.00 0.975 2.03 0.00 1.42 297 55.8 5.54e+03 18.7 74.5 450 71.4 1.87e+04 0.105 137 1.04e+03 178 9.06e+04 44.7 301
179.0646042624641 40 9.198907462143378 31.94763378602366 27.0 0.052968947782353844 13.0 8.0 4.4 4.0 4.0 2.0 3.00 0.975 2.03 0.00 1.42 297 55.8 5.54e+03 18.7 74.5 450 71.4 1.87e+04 0.105 137 1.04e+03 178 9.06e+04 44.7 301
180.0646042624641 40 9.198907462143378 31.94763378602366 27.0 0.052968947782353844 13.0 8.0 4.4 4.0 4.0 2.0 3.00 0.975 2.03 0.00 1.42 297 55.8 5.54e+03 18.7 74.5 450 71.4 1.87e+04 0.105 137 1.04e+03 178 9.06e+04 44.7 301
181.0646042624641 40 9.198907462143378 31.94763378602366 27.0 0.052968947782353844 13.0 8.0 4.4 4.0 4.0 2.0 3.00 0.975 2.03 0.00 1.42 297 55.8 5.54e+03 18.7 74.5 450 71.4 1.87e+04 0.105 137 1.04e+03 178 9.06e+04 44.7 301
182.0646042624641 40 9.198907462143378 31.94763378602366 27.0 0.052968947782353844 13.0 8.0 4.4 4.0 4.0 2.0 3.00 0.975 2.03 0.00 1.42 297 55.8 5.54e+03 18.7 74.5 450 71.4 1.87e+04 0.105 137 1.04e+03 178 9.06e+04 44.7 301
183.0646042624641 43 9.73114409104335 33.080624402768265 29.0 0.04922664124033471 13.0 9.0 4.4 4.7 4.0 2.2 3.00 0.977 2.02 0.00 1.42 297 52.1 5.33e+03 8.94 73.0 450 66.4 1.77e+04 0.0590 133 1.04e+03 166 8.61e+04 23.5 294
184.0646042624641 43 9.73114409104335 33.080624402768265 29.0 0.04922664124033471 13.0 9.0 4.4 4.7 4.0 2.2 3.00 0.977 2.02 0.00 1.42 297 52.1 5.33e+03 8.94 73.0 450 66.4 1.77e+04 0.0590 133 1.04e+03 166 8.61e+04 23.5 294
185.0646042624641 43 9.73114409104335 33.080624402768265 29.0 0.04922664124033471 13.0 9.0 4.4 4.7 4.0 2.2 3.00 0.977 2.02 0.00 1.42 297 52.1 5.33e+03 8.94 73.0 450 66.4 1.77e+04 0.0590 133 1.04e+03 166 8.61e+04 23.5 293
186.0646042624641 43 9.73114409104335 33.080624402768265 29.0 0.04922664124033471 13.0 9.0 4.4 4.7 4.0 2.2 3.00 0.977 2.02 0.00 1.42 297 52.1 5.33e+03 8.94 73.0 450 66.4 1.77e+04 0.0590 133 1.04e+03 166 8.61e+04 23.5 293
187.0646042624641 43 9.73114409104335 33.080624402768265 29.0 0.04922664124033471 13.0 9.0 4.4 4.7 4.0 2.2 3.00 0.977 2.02 0.00 1.42 297 52.1 5.33e+03 8.94 73.0 450 66.4 1.77e+04 0.0590 133 1.04e+03 166 8.61e+04 23.5 293
188.0646042624641 43 9.73114409104335 33.080624402768265 29.0 0.04922664124033471 13.0 9.0 4.4 4.7 4.0 2.2 3.00 0.977 2.02 0.00 1.42 297 52.1 5.33e+03 8.94 73.0 450 66.4 1.77e+04 0.0590 133 1.04e+03 166 8.61e+04 23.5 293
189.0646042624641 43 9.73114409104335 33.080624402768265 29.0 0.04922664124033471 13.0 9.0 4.4 4.7 4.0 2.2 3.00 0.977 2.02 0.00 1.42 297 52.1 5.33e+03 8.94 73.0 450 66.4 1.77e+04 0.0590 133 1.04e+03 166 8.61e+04 23.5 293
190.0646042624641 43 9.73114409104335 33.080624402768265 29.0 0.04922664124033471 13.0 9.0 4.4 4.7 4.0 2.2 3.00 0.977 2.02 0.00 1.42 297 52.1 5.33e+03 8.94 73.0 450 66.4 1.77e+04 0.0590 133 1.04e+03 166 8.61e+04 23.5 294
191.0646042624641 43 9.73114409104335 33.080624402768265 29.0 0.04922664124033471 13.0 9.0 4.4 4.7 4.0 2.2 3.00 0.977 2.02 0.00 1.42 297 52.1 5.33e+03 8.94 73.0 450 66.4 1.77e+04 0.0590 133 1.04e+03 166 8.62e+04 23.5 294
192.0646042624641 43 9.73114409104335 33.080624402768265 29.0 0.04922664124033471 13.0 9.0 4.4 4.7 4.0 2.2 3.00 0.977 2.02 0.00 1.42 297 52.1 5.33e+03 8.94 73.0 450 66.4 1.77e+04 0.0590 133 1.04e+03 166 8.62e+04 23.5 294
193.0646042624641 43 9.73114409104335 33.080624402768265 29.0 0.04922664124033471 13.0 9.0 4.4 4.7 4.0 2.2 3.00 0.977 2.02 0.00 1.42 297 52.1 5.33e+03 8.94 73.0 450 66.4 1.77e+04 0.0590 133 1.04e+03 166 8.63e+04 23.5 294
194.0646042624641 43 9.73114409104335 33.080624402768265 29.0 0.04922664124033471 13.0 9.0 4.4 4.7 4.0 2.2 3.00 0.977 2.02 0.00 1.42 297 52.1 5.33e+03 8.94 73.0 450 66.4 1.77e+04 0.0590 133 1.04e+03 166 8.63e+04 23.5 294
195.0646042624641 43 9.73114409104335 33.080624402768265 29.0 0.04922664124033471 13.0 9.0 4.4 4.7 4.0 2.2 3.00 0.977 2.02 0.00 1.42 297 52.1 5.33e+03 8.94 73.0 450 66.4 1.77e+04 0.0590 133 1.04e+03 166 8.63e+04 23.5 294
196.0646042624641 43 9.73114409104335 33.080624402768265 29.0 0.04922664124033471 13.0 9.0 4.4 4.7 4.0 2.2 3.00 0.977 2.02 0.00 1.42 297 52.1 5.33e+03 8.94 73.0 450 67.5 1.85e+04 0.0590 136 1.04e+03 166 8.63e+04 23.5 294
197.0646042624641 43 9.73114409104335 33.080624402768265 29.0 0.04922664124033471 13.0 9.0 4.4 4.7 4.0 2.2 3.00 0.977 2.02 0.00 1.42 297 52.1 5.33e+03 8.94 73.0 450 76.3 1.86e+04 0.145 137 1.04e+03 166 8.63e+04 23.5 294
198.0646042624641 43 9.73114409104335 33.080624402768265 29.0 0.04922664124033471 13.0 9.0 4.4 4.7 4.0 2.2 3.00 0.977 2.02 0.00 1.42 297 52.1 5.33e+03 8.94 73.0 450 76.3 1.86e+04 0.145 137 1.04e+03 166 8.63e+04 23.5 294
199.0646042624641 43 9.73114409104335 33.080624402768265 29.0 0.04922664124033471 13.0 9.0 4.4 4.7 4.0 2.2 3.00 0.977 2.02 0.00 1.42 297 52.1 5.33e+03 8.94 73.0 450 76.3 1.86e+04 0.145 137 1.04e+03 166 8.63e+04 23.5 294
200.0646042624641 43 9.73114409104335 33.080624402768265 29.0 0.04922664124033471 13.0 9.0 4.4 4.7 4.0 2.2 3.00 0.977 2.02 0.00 1.42 297 52.1 5.33e+03 8.94 73.0 450 76.3 1.86e+04 0.145 137 1.04e+03 166 8.63e+04 23.5 294
201.0646042624641 43 9.73114409104335 33.080624402768265 29.0 0.04922664124033471 13.0 9.0 4.4 4.7 4.0 2.2 3.00 0.977 2.02 0.00 1.42 297 52.1 5.33e+03 8.94 73.0 450 76.3 1.86e+04 0.145 137 1.04e+03 166 8.63e+04 23.5 294
202.0646042624641 43 9.73114409104335 33.080624402768265 29.0 0.04922664124033471 13.0 9.0 4.4 4.7 4.0 2.2 3.00 0.977 2.02 0.00 1.42 297 52.1 5.33e+03 8.94 73.0 450 76.3 1.86e+04 0.145 137 1.04e+03 166 8.63e+04 23.5 294
203.0646042624641 43 9.73114409104335 33.080624402768265 29.0 0.04922664124033471 13.0 9.0 4.4 4.7 4.0 2.2 3.00 0.977 2.02 0.00 1.42 297 52.1 5.33e+03 8.94 73.0 450 76.3 1.86e+04 0.145 137 1.04e+03 166 8.63e+04 23.5 294
204.0646042624641 43 9.73114409104335 33.080624402768265 29.0 0.04922664124033471 13.0 9.0 4.4 4.7 4.0 2.2 3.00 0.977 2.02 0.00 1.42 297 52.1 5.33e+03 8.94 73.0 450 76.3 1.86e+04 0.145 137 1.04e+03 166 8.63e+04 23.5 294
205.0646042624641 43 9.73114409104335 33.080624402768265 29.0 0.04922664124033471 13.0 9.0 4.4 4.7 4.0 2.2 3.00 0.977 2.02 0.00 1.42 297 52.1 5.33e+03 8.94 73.0 450 76.3 1.86e+04 0.145 137 1.04e+03 166 8.63e+04 23.5 294
206.0646042624641 43 9.73114409104335 33.080624402768265 29.0 0.04922664124033471 13.0 9.0 4.4 4.7 4.0 2.2 3.00 0.977 2.02 0.00 1.42 297 52.1 5.33e+03 8.94 73.0 450 76.3 1.86e+04 0.145 137 1.04e+03 166 8.63e+04 23.5 294
207.0646042624641 43 9.73114409104335 33.080624402768265 29.0 0.04922664124033471 13.0 9.0 4.4 4.7 4.0 2.2 3.00 0.977 2.02 0.00 1.42 297 52.1 5.33e+03 8.94 73.0 450 76.3 1.86e+04 0.145 137 1.04e+03 166 8.63e+04 23.5 294
208.0646042624641 43 9.73114409104335 33.080624402768265 29.0 0.04922664124033471 13.0 9.0 4.4 4.7 4.0 2.2 3.00 0.977 2.02 0.00 1.42 297 52.1 5.33e+03 8.94 73.0 450 76.3 1.86e+04 0.145 137 1.04e+03 166 8.63e+04 23.5 294
209.0646042624641 43 9.73114409104335 33.080624402768265 29.0 0.04922664124033471 13.0 9.0 4.4 4.7 4.0 2.2 3.00 0.977 2.02 0.00 1.42 297 52.1 5.33e+03 8.94 73.0 450 76.3 1.86e+04 0.145 137 1.04e+03 166 8.63e+04 23.5 294
210.0646042624641 43 9.73114409104335 33.080624402768265 29.0 0.04922664124033471 13.0 9.0 4.4 4.7 4.0 2.2 3.00 0.977 2.02 0.00 1.42 297 52.1 5.33e+03 8.94 73.0 450 76.3 1.86e+04 0.145 137 1.04e+03 166 8.63e+04 23.5 294
211.0646042624641 46 10.311574555846134 33.63841959588298 31.0 0.047701605435434405 13.0 9.0 4.5 4.3 4.5 2.1 3.00 0.978 2.02 0.00 1.42 297 50.7 5.03e+03 12.9 70.9 450 71.3 1.78e+04 0.131 133 1.04e+03 157 8.17e+04 25.9 286
212.0646042624641 46 10.311574555846134 33.63841959588298 31.0 0.047701605435434405 13.0 9.0 4.5 4.3 4.5 2.1 3.00 0.978 2.02 0.00 1.42 297 50.7 5.03e+03 12.9 70.9 450 71.3 1.78e+04 0.131 133 1.04e+03 159 8.13e+04 35.0 285
213.0646042624641 46 10.311574555846134 33.63841959588298 31.0 0.047701605435434405 13.0 9.0 4.5 4.3 4.5 2.1 3.00 0.978 2.02 0.00 1.42 297 50.7 5.03e+03 12.9 70.9 450 71.3 1.78e+04 0.131 133 1.04e+03 161 8.09e+04 44.7 284
214.0646042624641 46 10.311574555846134 33.63841959588298 31.0 0.047701605435434405 13.0 9.0 4.5 4.3 4.5 2.1 3.00 0.978 2.02 0.00 1.42 297 50.7 5.03e+03 12.9 70.9 450 71.3 1.78e+04 0.131 133 1.04e+03 163 8.05e+04 47.9 284
215.0646042624641 46 10.311574555846134 33.63841959588298 31.0 0.047701605435434405 13.0 9.0 4.5 4.3 4.5 2.1 3.00 0.978 2.02 0.00 1.42 297 50.7 5.03e+03 12.9 70.9 450 71.3 1.78e+04 0.131 133 1.04e+03 165 8.01e+04 50.6 283
216.0646042624641 46 10.311574555846134 33.63841959588298 31.0 0.047701605435434405 13.0 9.0 4.5 4.3 4.5 2.1 3.00 0.978 2.02 0.00 1.42 297 50.7 5.03e+03 12.9 70.9 450 71.3 1.78e+04 0.131 133 1.04e+03 167 7.98e+04 50.6 283
217.0646042624641 46 10.311574555846134 33.63841959588298 31.0 0.047701605435434405 13.0 9.0 4.5 4.3 4.5 2.1 3.00 0.978 2.02 0.00 1.42 297 50.7 5.03e+03 12.9 70.9 450 71.3 1.78e+04 0.131 133 1.04e+03 168 8.01e+04 50.6 283
218.0646042624641 46 10.311574555846134 33.63841959588298 31.0 0.047701605435434405 13.0 9.0 4.5 4.3 4.5 2.1 3.00 0.978 2.02 0.00 1.42 297 50.7 5.03e+03 12.9 70.9 450 71.3 1.78e+04 0.131 133 1.04e+03 170 8.06e+04 50.6 284
219.0646042624641 46 10.311574555846134 33.63841959588298 31.0 0.047701605435434405 13.0 9.0 4.5 4.3 4.5 2.1 3.00 0.978 2.02 0.00 1.42 297 50.7 5.03e+03 12.9 70.9 450 71.3 1.78e+04 0.131 133 1.04e+03 172 8.24e+04 50.6 287
220.0646042624641 46 10.311574555846134 33.63841959588298 31.0 0.047701605435434405 13.0 9.0 4.5 4.3 4.5 2.1 3.00 0.978 2.02 0.00 1.42 297 50.7 5.03e+03 12.9 70.9 450 71.3 1.78e+04 0.131 133 1.04e+03 174 8.51e+04 50.6 292
221.0646042624641 46 10.311574555846134 33.63841959588298 31.0 0.047701605435434405 13.0 9.0 4.5 4.3 4.5 2.1 3.00 0.978 2.02 0.00 1.42 297 50.7 5.03e+03 12.9 70.9 450 71.3 1.78e+04 0.131 133 1.04e+03 176 8.82e+04 50.6 297
222.0646042624641 46 10.311574555846134 33.63841959588298 31.0 0.047701605435434405 13.0 9.0 4.5 4.3 4.5 2.1 3.00 0.978 2.02 0.00 1.42 297 50.7 5.03e+03 12.9 70.9 450 71.3 1.78e+04 0.131 133 1.12e+03 178 9.17e+04 50.6 303
223.0646042624641 46 10.311574555846134 33.63841959588298 31.0 0.047701605435434405 13.0 9.0 4.5 4.3 4.5 2.1 3.00 0.978 2.02 0.00 1.42 297 50.7 5.03e+03 12.9 70.9 450 71.3 1.78e+04 0.131 133 1.13e+03 180 9.51e+04 50.6 308
224.0646042624641 46 10.311574555846134 33.63841959588298 31.0 0.047701605435434405 13.0 9.0 4.5 4.3 4.5 2.1 3.00 0.978 2.02 0.00 1.42 297 50.7 5.03e+03 12.9 70.9 450 71.3 1.78e+04 0.131 133 1.13e+03 181 9.63e+04 50.6 310
225.0646042624641 46 10.311574555846134 33.63841959588298 31.0 0.047701605435434405 13.0 9.0 4.5 4.3 4.5 2.1 3.00 0.978 2.02 0.00 1.42 297 50.7 5.03e+03 12.9 70.9 483 73.0 1.91e+04 0.142 138 1.13e+03 182 9.64e+04 50.6 311
226.0646042624641 46 10.311574555846134 33.63841959588298 31.0 0.047701605435434405 13.0 9.0 4.5 4.3 4.5 2.1 3.00 0.978 2.02 0.00 1.42 297 50.7 5.03e+03 12.9 70.9 8.93e+36 2.86e+35 1.96e+72 463 1.40e+36 1.13e+03 182 9.64e+04 50.6 311
227.0646042624641 46 10.311574555846134 33.63841959588298 31.0 0.047701605435434405 13.0 9.0 4.5 4.3 4.5 2.1 3.00 0.978 2.02 0.00 1.42 297 50.7 5.03e+03 12.9 70.9 8.93e+36 2.86e+35 1.96e+72 463 1.40e+36 1.13e+03 182 9.64e+04 50.6 311
228.0646042624641 46 10.311574555846134 33.63841959588298 31.0 0.047701605435434405 13.0 9.0 4.5 4.3 4.5 2.1 3.00 0.978 2.02 0.00 1.42 297 50.7 5.03e+03 12.9 70.9 8.93e+36 2.86e+35 1.96e+72 463 1.40e+36 1.13e+03 182 9.64e+04 50.6 311
229.0646042624641 46 10.311574555846134 33.63841959588298 31.0 0.047701605435434405 13.0 9.0 4.5 4.3 4.5 2.1 3.00 0.978 2.02 0.00 1.42 297 50.7 5.03e+03 12.9 70.9 8.93e+36 2.86e+35 1.96e+72 463 1.40e+36 1.13e+03 182 9.64e+04 50.6 311
230.0646042624641 46 10.311574555846134 33.63841959588298 31.0 0.047701605435434405 13.0 9.0 4.5 4.3 4.5 2.1 3.00 0.978 2.02 0.00 1.42 297 50.7 5.03e+03 12.9 70.9 8.93e+36 2.86e+35 1.96e+72 463 1.40e+36 1.13e+03 182 9.64e+04 50.6 311
231.0646042624641 46 10.311574555846134 33.63841959588298 31.0 0.047701605435434405 13.0 9.0 4.5 4.3 4.5 2.1 3.00 0.978 2.02 0.00 1.42 297 50.7 5.03e+03 12.9 70.9 8.93e+36 2.86e+35 1.96e+72 463 1.40e+36 1.13e+03 182 9.64e+04 50.6 311
232.0646042624641 46 10.311574555846134 33.63841959588298 31.0 0.047701605435434405 13.0 9.0 4.5 4.3 4.5 2.1 3.00 0.978 2.02 0.00 1.42 297 50.7 5.03e+03 12.9 70.9 8.93e+36 2.86e+35 1.96e+72 463 1.40e+36 1.13e+03 182 9.64e+04 50.6 311
233.0646042624641 46 10.311574555846134 33.63841959588298 31.0 0.047701605435434405 13.0 9.0 4.5 4.3 4.5 2.1 3.00 0.978 2.02 0.00 1.42 297 50.7 5.03e+03 12.9 70.9 8.93e+36 2.86e+35 1.96e+72 463 1.40e+36 1.13e+03 182 9.64e+04 50.6 311
234.0646042624641 46 10.311574555846134 33.63841959588298 31.0 0.047701605435434405 13.0 9.0 4.5 4.3 4.5 2.1 3.00 0.978 2.02 0.00 1.42 297 50.7 5.03e+03 12.9 70.9 8.93e+36 2.86e+35 1.96e+72 463 1.40e+36 1.13e+03 182 9.64e+04 50.6 311
235.0646042624641 46 10.311574555846134 33.63841959588298 31.0 0.047701605435434405 13.0 9.0 4.5 4.3 4.5 2.1 3.00 0.978 2.02 0.00 1.42 297 50.7 5.03e+03 12.9 70.9 8.93e+36 2.86e+35 1.96e+72 463 1.40e+36 1.13e+03 182 9.64e+04 50.6 311
236.0646042624641 46 10.311574555846134 33.63841959588298 31.0 0.047701605435434405 13.0 9.0 4.5 4.3 4.5 2.1 3.00 0.978 2.02 0.00 1.42 297 50.7 5.03e+03 12.9 70.9 8.93e+36 2.86e+35 1.96e+72 463 1.40e+36 1.13e+03 182 9.64e+04 50.6 311
237.0646042624641 46 10.311574555846134 33.63841959588298 31.0 0.047701605435434405 13.0 9.0 4.5 4.3 4.5 2.1 3.00 0.978 2.02 0.00 1.42 297 50.7 5.03e+03 12.9 70.9 8.93e+36 2.86e+35 1.96e+72 463 1.40e+36 1.13e+03 182 9.64e+04 50.6 311
238.0646042624641 46 10.311574555846134 33.63841959588298 31.0 0.047701605435434405 13.0 9.0 4.5 4.3 4.5 2.1 3.00 0.978 2.02 0.00 1.42 297 50.7 5.03e+03 12.9 70.9 8.93e+36 2.86e+35 1.96e+72 463 1.40e+36 1.13e+03 182 9.64e+04 50.6 311
239.0646042624641 46 10.311574555846134 33.63841959588298 31.0 0.047701605435434405 13.0 9.0 4.5 4.3 4.5 2.1 3.00 0.978 2.02 0.00 1.42 297 50.7 5.03e+03 12.9 70.9 8.93e+36 2.86e+35 1.96e+72 463 1.40e+36 1.13e+03 182 9.64e+04 50.6 311
240.0646042624641 46 10.311574555846134 33.63841959588298 31.0 0.047701605435434405 13.0 9.0 4.5 4.3 4.5 2.1 3.00 0.978 2.02 0.00 1.42 297 50.7 5.03e+03 12.9 70.9 8.93e+36 2.86e+35 1.96e+72 463 1.40e+36 1.13e+03 182 9.64e+04 50.6 311
241.0646042624641 49 10.36054538113508 34.087977788927745 33.0 0.05081257970296273 13.0 10 5.2 7.3 5.0 2.7 3.00 0.980 2.02 0.00 1.42 297 56.6 5.41e+03 22.2 73.6 8.93e+36 2.68e+35 1.85e+72 435 1.36e+36 1.13e+03 180 9.06e+04 71.8 301
242.0646042624641 49 10.36054538113508 34.087977788927745 33.0 0.05081257970296273 13.0 10 5.2 7.3 5.0 2.7 3.00 0.980 2.02 0.00 1.42 297 56.6 5.41e+03 22.2 73.6 8.93e+36 2.68e+35 1.85e+72 435 1.36e+36 1.13e+03 187 9.16e+04 73.8 303
243.0646042624641 49 10.36054538113508 34.087977788927745 33.0 0.05081257970296273 13.0 10 5.2 7.3 5.0 2.7 3.00 0.980 2.02 0.00 1.42 297 56.6 5.41e+03 22.2 73.6 8.93e+36 2.68e+35 1.85e+72 435 1.36e+36 1.13e+03 195 9.31e+04 73.8 305
244.0646042624641 49 10.36054538113508 34.087977788927745 33.0 0.05081257970296273 13.0 10 5.2 7.3 5.0 2.7 3.00 0.980 2.02 0.00 1.42 297 56.6 5.41e+03 22.2 73.6 8.93e+36 2.68e+35 1.85e+72 435 1.36e+36 1.13e+03 203 9.46e+04 73.8 308
245.0646042624641 49 10.36054538113508 34.087977788927745 33.0 0.05081257970296273 13.0 10 5.2 7.3 5.0 2.7 3.00 0.980 2.02 0.00 1.42 297 56.6 5.41e+03 22.2 73.6 8.93e+36 2.68e+35 1.85e+72 435 1.36e+36 1.13e+03 211 9.59e+04 73.8 310
246.0646042624641 49 10.36054538113508 34.087977788927745 33.0 0.05081257970296273 13.0 10 5.2 7.3 5.0 2.7 3.00 0.980 2.02 0.00 1.42 297 56.6 5.41e+03 22.2 73.6 8.93e+36 2.68e+35 1.85e+72 435 1.36e+36 1.13e+03 219 9.72e+04 73.8 312
247.0646042624641 49 10.36054538113508 34.087977788927745 33.0 0.05081257970296273 13.0 10 5.2 7.3 5.0 2.7 3.00 0.980 2.02 0.00 1.42 297 56.6 5.41e+03 22.2 73.6 8.93e+36 2.68e+35 1.85e+72 435 1.36e+36 1.13e+03 227 9.92e+04 73.8 315
248.0646042624641 49 10.36054538113508 34.087977788927745 33.0 0.05081257970296273 13.0 10 5.2 7.3 5.0 2.7 3.00 0.980 2.02 0.00 1.42 297 56.6 5.41e+03 22.2 73.6 8.93e+36 2.68e+35 1.85e+72 435 1.36e+36 1.13e+03 235 1.03e+05 73.8 321
249.0646042624641 49 10.36054538113508 34.087977788927745 33.0 0.05081257970296273 13.0 10 5.2 7.3 5.0 2.7 3.00 0.980 2.02 0.00 1.42 297 56.6 5.41e+03 22.2 73.6 8.93e+36 2.68e+35 1.85e+72 435 1.36e+36 1.13e+03 243 1.08e+05 73.8 328
250.0646042624641 49 10.36054538113508 34.087977788927745 33.0 0.05081257970296273 13.0 10 5.2 7.3 5.0 2.7 3.00 0.980 2.02 0.00 1.42 297 56.6 5.41e+03 22.2 73.6 8.93e+36 2.68e+35 1.85e+72 435 1.36e+36 1.13e+03 250 1.18e+05 73.8 343
251.0646042624641 49 10.36054538113508 34.087977788927745 33.0 0.05081257970296273 13.0 10 5.2 7.3 5.0 2.7 3.00 0.980 2.02 0.00 1.42 297 56.6 5.41e+03 22.2 73.6 8.93e+36 2.68e+35 1.85e+72 435 1.36e+36 1.29e+03 258 1.32e+05 73.8 363
252.0646042624641 49 10.36054538113508 34.087977788927745 33.0 0.05081257970296273 13.0 10 5.2 7.3 5.0 2.7 3.00 0.980 2.02 0.00 1.42 297 56.6 5.41e+03 22.2 73.6 8.93e+36 2.68e+35 1.85e+72 435 1.36e+36 1.41e+03 266 1.47e+05 73.8 383
253.0646042624641 49 10.36054538113508 34.087977788927745 33.0 0.05081257970296273 13.0 10 5.2 7.3 5.0 2.7 3.00 0.980 2.02 0.00 1.42 297 56.6 5.41e+03 22.2 73.6 8.93e+36 2.68e+35 1.85e+72 435 1.36e+36 1.51e+03 274 1.64e+05 73.8 405
254.0646042624641 49 10.36054538113508 34.087977788927745 33.0 0.05081257970296273 13.0 10 5.2 7.3 5.0 2.7 3.00 0.980 2.02 0.00 1.42 297 56.6 5.41e+03 22.2 73.6 8.93e+36 2.68e+35 1.85e+72 435 1.36e+36 1.51e+03 282 1.81e+05 73.8 425
255.0646042624641 49 10.36054538113508 34.087977788927745 33.0 0.05081257970296273 13.0 10 5.2 7.3 5.0 2.7 3.00 0.980 2.02 0.00 1.42 297 56.6 5.41e+03 22.2 73.6 8.93e+36 2.68e+35 1.85e+72 435 1.36e+36 1.51e+03 287 1.86e+05 73.8 431
256.06460426246406 49 10.36054538113508 34.087977788927745 33.0 0.05081257970296273 13.0 10 5.2 7.3 5.0 2.7 3.00 0.980 2.02 0.00 1.42 297 56.6 5.41e+03 22.2 73.6 8.93e+36 2.68e+35 1.85e+72 450 1.36e+36 1.51e+03 290 1.86e+05 73.8 431
257.06460426246406 49 10.36054538113508 34.087977788927745 33.0 0.05081257970296273 13.0 10 5.2 7.3 5.0 2.7 3.00 0.980 2.02 0.00 1.42 297 56.6 5.41e+03 22.2 73.6 4.00e+69 1.30e+68 4.32e+137 1.12e+05 6.58e+68 1.51e+03 290 1.86e+05 73.8 431
258.06460426246406 49 10.36054538113508 34.087977788927745 33.0 0.05081257970296273 13.0 10 5.2 7.3 5.0 2.7 3.00 0.980 2.02 0.00 1.42 297 56.6 5.41e+03 22.2 73.6 4.00e+69 1.30e+68 4.32e+137 1.12e+05 6.58e+68 1.51e+03 290 1.86e+05 73.8 431
259.06460426246406 49 10.36054538113508 34.087977788927745 33.0 0.05081257970296273 13.0 10 5.2 7.3 5.0 2.7 3.00 0.980 2.02 0.00 1.42 297 56.6 5.41e+03 22.2 73.6 4.00e+69 1.30e+68 4.32e+137 1.12e+05 6.58e+68 1.51e+03 290 1.86e+05 73.8 431
260.06460426246406 49 10.36054538113508 34.087977788927745 33.0 0.05081257970296273 13.0 10 5.2 7.3 5.0 2.7 3.00 0.980 2.02 0.00 1.42 297 56.6 5.41e+03 22.2 73.6 4.00e+69 1.30e+68 4.32e+137 1.12e+05 6.58e+68 1.51e+03 290 1.86e+05 73.8 431
261.06460426246406 49 10.36054538113508 34.087977788927745 33.0 0.05081257970296273 13.0 10 5.2 7.3 5.0 2.7 3.00 0.980 2.02 0.00 1.42 297 56.6 5.41e+03 22.2 73.6 4.00e+69 1.30e+68 4.32e+137 1.12e+05 6.58e+68 1.51e+03 290 1.86e+05 73.8 431
262.06460426246406 49 10.36054538113508 34.087977788927745 33.0 0.05081257970296273 13.0 10 5.2 7.3 5.0 2.7 3.00 0.980 2.02 0.00 1.42 297 56.6 5.41e+03 22.2 73.6 4.00e+69 1.30e+68 4.32e+137 1.12e+05 6.58e+68 1.51e+03 290 1.86e+05 73.8 431
263.06460426246406 49 10.36054538113508 34.087977788927745 33.0 0.05081257970296273 13.0 10 5.2 7.3 5.0 2.7 3.00 0.980 2.02 0.00 1.42 297 56.6 5.41e+03 22.2 73.6 4.00e+69 1.30e+68 4.32e+137 1.12e+05 6.58e+68 1.51e+03 290 1.86e+05 73.8 431
264.06460426246406 49 10.36054538113508 34.087977788927745 33.0 0.05081257970296273 13.0 10 5.2 7.3 5.0 2.7 3.00 0.980 2.02 0.00 1.42 297 56.6 5.41e+03 22.2 73.6 4.00e+69 1.30e+68 4.32e+137 1.12e+05 6.58e+68 1.51e+03 290 1.86e+05 73.8 431
265.06460426246406 49 10.36054538113508 34.087977788927745 33.0 0.05081257970296273 13.0 10 5.2 7.3 5.0 2.7 3.00 0.980 2.02 0.00 1.42 297 56.6 5.41e+03 22.2 73.6 4.00e+69 1.30e+68 4.32e+137 1.12e+05 6.58e+68 1.51e+03 290 1.86e+05 73.8 431
266.06460426246406 49 10.36054538113508 34.087977788927745 33.0 0.05081257970296273 13.0 10 5.2 7.3 5.0 2.7 3.00 0.980 2.02 0.00 1.42 297 56.6 5.41e+03 22.2 73.6 4.00e+69 1.30e+68 4.32e+137 1.12e+05 6.58e+68 1.51e+03 290 1.86e+05 73.8 431
267.06460426246406 49 10.36054538113508 34.087977788927745 33.0 0.05081257970296273 13.0 10 5.2 7.3 5.0 2.7 3.00 0.980 2.02 0.00 1.42 297 56.6 5.41e+03 22.2 73.6 4.00e+69 1.30e+68 4.32e+137 1.12e+05 6.58e+68 1.51e+03 290 1.86e+05 73.8 431
268.06460426246406 49 10.36054538113508 34.087977788927745 33.0 0.05081257970296273 13.0 10 5.2 7.3 5.0 2.7 3.00 0.980 2.02 0.00 1.42 297 56.6 5.41e+03 22.2 73.6 4.00e+69 1.30e+68 4.32e+137 1.12e+05 6.58e+68 1.51e+03 290 1.86e+05 73.8 431
269.06460426246406 49 10.36054538113508 34.087977788927745 33.0 0.05081257970296273 13.0 10 5.2 7.3 5.0 2.7 3.00 0.980 2.02 0.00 1.42 297 56.6 5.41e+03 22.2 73.6 4.00e+69 1.30e+68 4.32e+137 1.12e+05 6.58e+68 1.51e+03 290 1.86e+05 73.8 431
270.06460426246406 49 10.36054538113508 34.087977788927745 33.0 0.05081257970296273 13.0 10 5.2 7.3 5.0 2.7 3.00 0.980 2.02 0.00 1.42 297 56.6 5.41e+03 22.2 73.6 4.00e+69 1.30e+68 4.32e+137 1.12e+05 6.58e+68 1.51e+03 290 1.86e+05 73.8 431
271.06460426246406 49 10.36054538113508 34.087977788927745 33.0 0.05081257970296273 13.0 10 5.2 7.3 5.0 2.7 3.00 0.980 2.02 0.00 1.42 297 56.6 5.41e+03 22.2 73.6 4.00e+69 1.30e+68 4.32e+137 1.12e+05 6.58e+68 1.51e+03 290 1.86e+05 73.8 431
272.06460426246406 49 10.36054538113508 34.087977788927745 33.0 0.05081257970296273 13.0 10 5.2 7.3 5.0 2.7 3.00 0.980 2.02 0.00 1.42 297 56.6 5.41e+03 22.2 73.6 4.00e+69 1.30e+68 4.32e+137 1.12e+05 6.58e+68 1.51e+03 290 1.86e+05 73.8 431
273.06460426246406 52 10.525799802725665 34.251393686110035 35.0 0.05392355397049107 13.0 11 5.5 7.5 5.0 2.7 3.00 0.981 2.02 0.00 1.42 297 63.5 6.15e+03 23.5 78.4 4.00e+69 1.23e+68 4.08e+137 2.96e+03 6.39e+68 1.51e+03 284 1.76e+05 98.2 419
274.06460426246406 52 10.525799802725665 34.251393686110035 35.0 0.05392355397049107 13.0 11 5.5 7.5 5.0 2.7 3.00 0.981 2.02 0.00 1.42 297 63.5 6.15e+03 23.5 78.4 4.00e+69 1.23e+68 4.08e+137 2.96e+03 6.39e+68 1.51e+03 290 1.77e+05 98.2 421
275.06460426246406 52 10.525799802725665 34.251393686110035 35.0 0.05392355397049107 13.0 11 5.5 7.5 5.0 2.7 3.00 0.981 2.02 0.00 1.42 297 63.5 6.15e+03 23.5 78.4 4.00e+69 1.23e+68 4.08e+137 2.96e+03 6.39e+68 1.51e+03 297 1.81e+05 98.2 426
276.06460426246406 52 10.525799802725665 34.251393686110035 35.0 0.05392355397049107 13.0 11 5.5 7.5 5.0 2.7 3.00 0.981 2.02 0.00 1.42 297 63.5 6.15e+03 23.5 78.4 4.00e+69 1.23e+68 4.08e+137 2.96e+03 6.39e+68 1.51e+03 304 1.86e+05 98.2 431
277.06460426246406 52 10.525799802725665 34.251393686110035 35.0 0.05392355397049107 13.0 11 5.5 7.5 5.0 2.7 3.00 0.981 2.02 0.00 1.42 297 63.5 6.15e+03 23.5 78.4 4.00e+69 1.23e+68 4.08e+137 2.96e+03 6.39e+68 1.51e+03 310 1.90e+05 98.2 436
278.06460426246406 52 10.525799802725665 34.251393686110035 35.0 0.05392355397049107 13.0 11 5.5 7.5 5.0 2.7 3.00 0.981 2.02 0.00 1.42 297 63.5 6.15e+03 23.5 78.4 4.00e+69 1.23e+68 4.08e+137 2.96e+03 6.39e+68 1.51e+03 317 1.95e+05 98.2 442
279.06460426246406 52 10.525799802725665 34.251393686110035 35.0 0.05392355397049107 13.0 11 5.5 7.5 5.0 2.7 3.00 0.981 2.02 0.00 1.42 297 63.5 6.15e+03 23.5 78.4 4.00e+69 1.23e+68 4.08e+137 2.96e+03 6.39e+68 1.51e+03 323 2.00e+05 98.2 447
280.06460426246406 52 10.525799802725665 34.251393686110035 35.0 0.05392355397049107 13.0 11 5.5 7.5 5.0 2.7 3.00 0.981 2.02 0.00 1.42 297 63.5 6.15e+03 23.5 78.4 4.00e+69 1.23e+68 4.08e+137 2.96e+03 6.39e+68 1.51e+03 330 2.05e+05 98.2 452
281.06460426246406 52 10.525799802725665 34.251393686110035 35.0 0.05392355397049107 13.0 11 5.5 7.5 5.0 2.7 3.00 0.981 2.02 0.00 1.42 297 63.5 6.15e+03 23.5 78.4 4.00e+69 1.23e+68 4.08e+137 2.96e+03 6.39e+68 1.51e+03 336 2.11e+05 98.2 460
282.06460426246406 52 10.525799802725665 34.251393686110035 35.0 0.05392355397049107 13.0 11 5.5 7.5 5.0 2.7 3.00 0.981 2.02 0.00 1.42 297 63.5 6.15e+03 23.5 78.4 4.00e+69 1.23e+68 4.08e+137 2.96e+03 6.39e+68 1.51e+03 343 2.19e+05 98.2 468
283.06460426246406 52 10.525799802725665 34.251393686110035 35.0 0.05392355397049107 13.0 11 5.5 7.5 5.0 2.7 3.00 0.981 2.02 0.00 1.42 297 63.5 6.15e+03 23.5 78.4 4.00e+69 1.23e+68 4.08e+137 2.96e+03 6.39e+68 1.51e+03 350 2.31e+05 98.2 481
284.06460426246406 52 10.525799802725665 34.251393686110035 35.0 0.05392355397049107 13.0 11 5.5 7.5 5.0 2.7 3.00 0.981 2.02 0.00 1.42 297 63.5 6.15e+03 23.5 78.4 4.00e+69 1.23e+68 4.08e+137 2.96e+03 6.39e+68 1.63e+03 356 2.46e+05 98.2 496
285.06460426246406 52 10.525799802725665 34.251393686110035 35.0 0.05392355397049107 13.0 11 5.5 7.5 5.0 2.7 3.00 0.981 2.02 0.00 1.42 297 63.5 6.15e+03 23.5 78.4 4.00e+69 1.23e+68 4.08e+137 2.96e+03 6.39e+68 1.76e+03 363 2.62e+05 98.2 512
286.06460426246406 52 10.525799802725665 34.251393686110035 35.0 0.05392355397049107 13.0 11 5.5 7.5 5.0 2.7 3.00 0.981 2.02 0.00 1.42 297 63.5 6.15e+03 23.5 78.4 4.00e+69 1.23e+68 4.08e+137 2.96e+03 6.39e+68 1.85e+03 369 2.80e+05 98.2 529
287.06460426246406 52 10.525799802725665 34.251393686110035 35.0 0.05392355397049107 13.0 11 5.5 7.5 5.0 2.7 3.00 0.981 2.02 0.00 1.42 297 63.5 6.15e+03 23.5 78.4 4.00e+69 1.23e+68 4.08e+137 2.96e+03 6.39e+68 1.86e+03 376 2.98e+05 98.2 546
288.06460426246406 52 10.525799802725665 34.251393686110035 35.0 0.05392355397049107 13.0 11 5.5 7.5 5.0 2.7 3.00 0.981 2.02 0.00 1.42 297 63.5 6.15e+03 23.5 78.4 4.00e+69 1.23e+68 4.08e+137 2.96e+03 6.39e+68 1.86e+03 380 3.03e+05 98.2 550
289.06460426246406 52 10.525799802725665 34.251393686110035 35.0 0.05392355397049107 13.0 11 5.5 7.5 5.0 2.7 3.00 0.981 2.02 0.00 1.42 297 63.5 6.15e+03 23.5 78.4 4.00e+69 1.23e+68 4.08e+137 2.96e+03 6.39e+68 1.86e+03 383 3.03e+05 98.2 551
290.06460426246406 52 10.525799802725665 34.251393686110035 35.0 0.05392355397049107 13.0 11 5.5 7.5 5.0 2.7 3.00 0.981 2.02 0.00 1.42 297 63.5 6.15e+03 23.5 78.4 3.25e+77 6.26e+75 2.04e+153 692 4.51e+76 1.86e+03 383 3.03e+05 98.2 551
291.06460426246406 52 10.525799802725665 34.251393686110035 35.0 0.05392355397049107 13.0 11 5.5 7.5 5.0 2.7 3.00 0.981 2.02 0.00 1.42 297 63.5 6.15e+03 23.5 78.4 3.25e+77 6.26e+75 2.04e+153 692 4.51e+76 1.86e+03 383 3.03e+05 98.2 551
292.06460426246406 52 10.525799802725665 34.251393686110035 35.0 0.05392355397049107 13.0 11 5.5 7.5 5.0 2.7 3.00 0.981 2.02 0.00 1.42 297 63.5 6.15e+03 23.5 78.4 3.25e+77 6.26e+75 2.04e+153 692 4.51e+76 1.86e+03 383 3.03e+05 98.2 551
293.06460426246406 52 10.525799802725665 34.251393686110035 35.0 0.05392355397049107 13.0 11 5.5 7.5 5.0 2.7 3.00 0.981 2.02 0.00 1.42 297 63.5 6.15e+03 23.5 78.4 3.25e+77 6.26e+75 2.04e+153 692 4.51e+76 1.86e+03 383 3.03e+05 98.2 551
294.06460426246406 52 10.525799802725665 34.251393686110035 35.0 0.05392355397049107 13.0 11 5.5 7.5 5.0 2.7 3.00 0.981 2.02 0.00 1.42 297 63.5 6.15e+03 23.5 78.4 3.25e+77 6.26e+75 2.04e+153 692 4.51e+76 1.86e+03 383 3.03e+05 98.2 551
295.06460426246406 52 10.525799802725665 34.251393686110035 35.0 0.05392355397049107 13.0 11 5.5 7.5 5.0 2.7 3.00 0.981 2.02 0.00 1.42 297 63.5 6.15e+03 23.5 78.4 3.25e+77 6.26e+75 2.04e+153 692 4.51e+76 1.86e+03 383 3.03e+05 98.2 551
296.06460426246406 52 10.525799802725665 34.251393686110035 35.0 0.05392355397049107 13.0 11 5.5 7.5 5.0 2.7 3.00 0.981 2.02 0.00 1.42 297 63.5 6.15e+03 23.5 78.4 3.25e+77 6.26e+75 2.04e+153 692 4.51e+76 1.86e+03 383 3.03e+05 98.2 551
297.06460426246406 52 10.525799802725665 34.251393686110035 35.0 0.05392355397049107 13.0 11 5.5 7.5 5.0 2.7 3.00 0.981 2.02 0.00 1.42 297 63.5 6.15e+03 23.5 78.4 3.25e+77 6.26e+75 2.04e+153 692 4.51e+76 1.86e+03 383 3.03e+05 98.2 551
298.06460426246406 52 10.525799802725665 34.251393686110035 35.0 0.05392355397049107 13.0 11 5.5 7.5 5.0 2.7 3.00 0.981 2.02 0.00 1.42 297 63.5 6.15e+03 23.5 78.4 3.25e+77 6.26e+75 2.04e+153 692 4.51e+76 1.86e+03 383 3.03e+05 98.2 551
299.06460426246406 52 10.525799802725665 34.251393686110035 35.0 0.05392355397049107 13.0 11 5.5 7.5 5.0 2.7 3.00 0.981 2.02 0.00 1.42 297 63.5 6.15e+03 23.5 78.4 3.25e+77 6.26e+75 2.04e+153 692 4.51e+76 1.86e+03 383 3.03e+05 98.2 551
300.06460426246406 52 10.525799802725665 34.251393686110035 35.0 0.05392355397049107 13.0 11 5.5 7.5 5.0 2.7 3.00 0.981 2.02 0.00 1.42 297 63.5 6.15e+03 23.5 78.4 3.25e+77 6.26e+75 2.04e+153 692 4.51e+76 1.86e+03 383 3.03e+05 98.2 551
301.06460426246406 52 10.525799802725665 34.251393686110035 35.0 0.05392355397049107 13.0 11 5.5 7.5 5.0 2.7 3.00 0.981 2.02 0.00 1.42 297 63.5 6.15e+03 23.5 78.4 3.25e+77 6.26e+75 2.04e+153 692 4.51e+76 1.86e+03 383 3.03e+05 98.2 551
302.06460426246406 52 10.525799802725665 34.251393686110035 35.0 0.05392355397049107 13.0 11 5.5 7.5 5.0 2.7 3.00 0.981 2.02 0.00 1.42 297 63.5 6.15e+03 23.5 78.4 3.25e+77 6.26e+75 2.04e+153 692 4.51e+76 1.86e+03 383 3.03e+05 98.2 551
303.06460426246406 52 10.525799802725665 34.251393686110035 35.0 0.05392355397049107 13.0 11 5.5 7.5 5.0 2.7 3.00 0.981 2.02 0.00 1.42 297 63.5 6.15e+03 23.5 78.4 3.25e+77 6.26e+75 2.04e+153 692 4.51e+76 1.86e+03 383 3.03e+05 98.2 551
304.06460426246406 52 10.525799802725665 34.251393686110035 35.0 0.05392355397049107 13.0 11 5.5 7.5 5.0 2.7 3.00 0.981 2.02 0.00 1.42 297 63.5 6.15e+03 23.5 78.4 3.25e+77 6.26e+75 2.04e+153 692 4.51e+76 1.86e+03 383 3.03e+05 98.2 551
305.06460426246406 52 10.525799802725665 34.251393686110035 35.0 0.05392355397049107 13.0 11 5.5 7.5 5.0 2.7 3.00 0.981 2.02 0.00 1.42 297 63.5 6.15e+03 23.5 78.4 3.25e+77 6.26e+75 2.04e+153 692 4.51e+76 1.86e+03 383 3.03e+05 98.2 551
306.06460426246406 52 10.525799802725665 34.251393686110035 35.0 0.05392355397049107 13.0 11 5.5 7.5 5.0 2.7 3.00 0.981 2.02 0.00 1.42 297 63.5 6.15e+03 23.5 78.4 3.25e+77 6.26e+75 2.04e+153 692 4.51e+76 1.86e+03 383 3.03e+05 98.2 551
307.06460426246406 52 10.525799802725665 34.251393686110035 35.0 0.05392355397049107 13.0 11 5.5 7.5 5.0 2.7 3.00 0.981 2.02 0.00 1.42 297 63.5 6.15e+03 23.5 78.4 3.25e+77 6.26e+75 2.04e+153 692 4.51e+76 1.86e+03 383 3.03e+05 98.2 551
308.06460426246406 52 10.525799802725665 34.251393686110035 35.0 0.05392355397049107 13.0 11 5.5 7.5 5.0 2.7 3.00 0.981 2.02 0.00 1.42 297 63.5 6.15e+03 23.5 78.4 3.25e+77 6.26e+75 2.04e+153 692 4.51e+76 1.86e+03 383 3.03e+05 98.2 551
309.06460426246406 52 10.525799802725665 34.251393686110035 35.0 0.05392355397049107 13.0 11 5.5 7.5 5.0 2.7 3.00 0.981 2.02 0.00 1.42 297 63.5 6.15e+03 23.5 78.4 3.25e+77 6.26e+75 2.04e+153 692 4.51e+76 1.86e+03 383 3.03e+05 98.2 551
310.06460426246406 52 10.525799802725665 34.251393686110035 35.0 0.05392355397049107 13.0 11 5.5 7.5 5.0 2.7 3.00 0.981 2.02 0.00 1.42 297 63.5 6.15e+03 23.5 78.4 3.25e+77 6.26e+75 2.04e+153 692 4.51e+76 1.86e+03 383 3.03e+05 98.2 551
311.06460426246406 52 10.525799802725665 34.251393686110035 35.0 0.05392355397049107 13.0 11 5.5 7.5 5.0 2.7 3.00 0.981 2.02 0.00 1.42 297 63.5 6.15e+03 23.5 78.4 3.25e+77 6.26e+75 2.04e+153 692 4.51e+76 1.86e+03 383 3.03e+05 98.2 551
312.06460426246406 52 10.525799802725665 34.251393686110035 35.0 0.05392355397049107 13.0 11 5.5 7.5 5.0 2.7 3.00 0.981 2.02 0.00 1.42 297 63.5 6.15e+03 23.5 78.4 3.25e+77 6.26e+75 2.04e+153 692 4.51e+76 1.86e+03 383 3.03e+05 98.2 551
313.06460426246406 52 10.525799802725665 34.251393686110035 35.0 0.05392355397049107 13.0 11 5.5 7.5 5.0 2.7 3.00 0.981 2.02 0.00 1.42 297 63.5 6.15e+03 23.5 78.4 3.25e+77 6.26e+75 2.04e+153 692 4.51e+76 1.86e+03 383 3.03e+05 98.2 551
314.06460426246406 52 10.525799802725665 34.251393686110035 35.0 0.05392355397049107 13.0 11 5.5 7.5 5.0 2.7 3.00 0.981 2.02 0.00 1.42 297 63.5 6.15e+03 23.5 78.4 3.25e+77 6.26e+75 2.04e+153 692 4.51e+76 1.86e+03 383 3.03e+05 98.2 551
315.06460426246406 52 10.525799802725665 34.251393686110035 35.0 0.05392355397049107 13.0 11 5.5 7.5 5.0 2.7 3.00 0.981 2.02 0.00 1.42 297 63.5 6.15e+03 23.5 78.4 3.25e+77 6.26e+75 2.04e+153 692 4.51e+76 1.86e+03 383 3.03e+05 98.2 551
316.06460426246406 52 10.525799802725665 34.251393686110035 35.0 0.05392355397049107 13.0 11 5.5 7.5 5.0 2.7 3.00 0.981 2.02 0.00 1.42 297 63.5 6.15e+03 23.5 78.4 3.25e+77 6.26e+75 2.04e+153 692 4.51e+76 1.86e+03 383 3.03e+05 98.2 551
317.06460426246406 52 10.525799802725665 34.251393686110035 35.0 0.05392355397049107 13.0 11 5.5 7.5 5.0 2.7 3.00 0.981 2.02 0.00 1.42 297 63.5 6.15e+03 23.5 78.4 3.25e+77 6.26e+75 2.04e+153 692 4.51e+76 1.86e+03 383 3.03e+05 98.2 551
318.06460426246406 52 10.525799802725665 34.251393686110035 35.0 0.05392355397049107 13.0 11 5.5 7.5 5.0 2.7 3.00 0.981 2.02 0.00 1.42 297 63.5 6.15e+03 23.5 78.4 3.25e+77 6.26e+75 2.04e+153 692 4.51e+76 1.86e+03 383 3.03e+05 98.2 551
319.06460426246406 52 10.525799802725665 34.251393686110035 35.0 0.05392355397049107 13.0 11 5.5 7.5 5.0 2.7 3.00 0.981 2.02 0.00 1.42 297 63.5 6.15e+03 23.5 78.4 3.25e+77 6.26e+75 2.04e+153 692 4.51e+76 1.86e+03 383 3.03e+05 98.2 551
320.06460426246406 52 10.525799802725665 34.251393686110035 35.0 0.05392355397049107 13.0 11 5.5 7.5 5.0 2.7 3.00 0.981 2.02 0.00 1.42 297 63.5 6.15e+03 23.5 78.4 3.25e+77 6.26e+75 2.04e+153 692 4.51e+76 1.86e+03 383 3.03e+05 98.2 551
321.06460426246406 52 10.525799802725665 34.251393686110035 35.0 0.05392355397049107 13.0 11 5.5 7.5 5.0 2.7 3.00 0.981 2.02 0.00 1.42 297 63.5 6.15e+03 23.5 78.4 3.25e+77 6.26e+75 2.04e+153 692 4.51e+76 1.86e+03 383 3.03e+05 98.2 551
322.06460426246406 52 10.525799802725665 34.251393686110035 35.0 0.05392355397049107 13.0 11 5.5 7.5 5.0 2.7 3.00 0.981 2.02 0.00 1.42 297 63.5 6.15e+03 23.5 78.4 3.25e+77 6.26e+75 2.04e+153 692 4.51e+76 1.86e+03 383 3.03e+05 98.2 551
323.06460426246406 52 10.525799802725665 34.251393686110035 35.0 0.05392355397049107 13.0 11 5.5 7.5 5.0 2.7 3.00 0.981 2.02 0.00 1.42 297 63.5 6.15e+03 23.5 78.4 3.25e+77 6.26e+75 2.04e+153 692 4.51e+76 1.86e+03 383 3.03e+05 98.2 551
324.06460426246406 52 10.525799802725665 34.251393686110035 35.0 0.05392355397049107 13.0 11 5.5 7.5 5.0 2.7 3.00 0.981 2.02 0.00 1.42 297 63.5 6.15e+03 23.5 78.4 3.25e+77 6.26e+75 2.04e+153 692 4.51e+76 1.86e+03 383 3.03e+05 98.2 551
325.06460426246406 52 10.525799802725665 34.251393686110035 35.0 0.05392355397049107 13.0 11 5.5 7.5 5.0 2.7 3.00 0.981 2.02 0.00 1.42 297 63.5 6.15e+03 23.5 78.4 450 105 2.24e+04 0.0350 150 1.86e+03 383 3.03e+05 98.2 551
326.06460426246406 52 10.525799802725665 34.251393686110035 35.0 0.05392355397049107 13.0 11 5.5 7.5 5.0 2.7 3.00 0.981 2.02 0.00 1.42 297 63.5 6.15e+03 23.5 78.4 450 105 2.24e+04 0.0350 150 1.86e+03 383 3.03e+05 98.2 551
327.06460426246406 52 10.525799802725665 34.251393686110035 35.0 0.05392355397049107 13.0 11 5.5 7.5 5.0 2.7 3.00 0.981 2.02 0.00 1.42 297 63.5 6.15e+03 23.5 78.4 450 105 2.24e+04 0.0350 150 1.86e+03 383 3.03e+05 98.2 551
328.06460426246406 52 10.525799802725665 34.251393686110035 35.0 0.05392355397049107 13.0 11 5.5 7.5 5.0 2.7 3.00 0.981 2.02 0.00 1.42 297 63.5 6.15e+03 23.5 78.4 450 105 2.24e+04 0.0350 150 1.86e+03 383 3.03e+05 98.2 551
329.06460426246406 52 10.525799802725665 34.251393686110035 35.0 0.05392355397049107 13.0 11 5.5 7.5 5.0 2.7 3.00 0.981 2.02 0.00 1.42 297 63.5 6.15e+03 23.5 78.4 450 105 2.24e+04 0.0350 150 1.86e+03 383 3.03e+05 98.2 551
330.06460426246406 52 10.525799802725665 34.251393686110035 35.0 0.05392355397049107 13.0 11 5.5 7.5 5.0 2.7 3.00 0.981 2.02 0.00 1.42 297 63.5 6.15e+03 23.5 78.4 450 105 2.24e+04 0.0350 150 1.86e+03 383 3.03e+05 98.2 551
331.06460426246406 52 10.525799802725665 34.251393686110035 35.0 0.05392355397049107 13.0 11 5.5 7.5 5.0 2.7 3.00 0.981 2.02 0.00 1.42 297 63.5 6.15e+03 23.5 78.4 450 105 2.24e+04 0.0350 150 1.86e+03 383 3.03e+05 98.2 551
332.06460426246406 52 10.525799802725665 34.251393686110035 35.0 0.05392355397049107 13.0 11 5.5 7.5 5.0 2.7 3.00 0.981 2.02 0.00 1.42 297 63.5 6.15e+03 23.5 78.4 450 105 2.24e+04 0.0350 150 1.86e+03 383 3.03e+05 98.2 551
333.06460426246406 52 10.525799802725665 34.251393686110035 35.0 0.05392355397049107 13.0 11 5.5 7.5 5.0 2.7 3.00 0.981 2.02 0.00 1.42 297 63.5 6.15e+03 23.5 78.4 450 105 2.24e+04 0.0350 150 1.86e+03 383 3.03e+05 98.2 551
334.06460426246406 52 10.525799802725665 34.251393686110035 35.0 0.05392355397049107 13.0 11 5.5 7.5 5.0 2.7 3.00 0.981 2.02 0.00 1.42 297 63.5 6.15e+03 23.5 78.4 450 105 2.24e+04 0.0350 150 1.86e+03 383 3.03e+05 98.2 551
335.06460426246406 52 10.525799802725665 34.251393686110035 35.0 0.05392355397049107 13.0 11 5.5 7.5 5.0 2.7 3.00 0.981 2.02 0.00 1.42 297 63.5 6.15e+03 23.5 78.4 450 105 2.24e+04 0.0350 150 1.86e+03 383 3.03e+05 98.2 551
336.06460426246406 52 10.525799802725665 34.251393686110035 35.0 0.05392355397049107 13.0 11 5.5 7.5 5.0 2.7 3.00 0.981 2.02 0.00 1.42 297 63.5 6.15e+03 23.5 78.4 450 105 2.24e+04 0.0350 150 1.86e+03 383 3.03e+05 98.2 551
337.06460426246406 52 10.525799802725665 34.251393686110035 35.0 0.05392355397049107 13.0 11 5.5 7.5 5.0 2.7 3.00 0.981 2.02 0.00 1.42 297 63.5 6.15e+03 23.5 78.4 450 105 2.24e+04 0.0350 150 1.86e+03 383 3.03e+05 98.2 551
338.06460426246406 52 10.525799802725665 34.251393686110035 35.0 0.05392355397049107 13.0 11 5.5 7.5 5.0 2.7 3.00 0.981 2.02 0.00 1.42 297 63.5 6.15e+03 23.5 78.4 450 105 2.24e+04 0.0350 150 1.86e+03 383 3.03e+05 98.2 551
339.06460426246406 52 10.525799802725665 34.251393686110035 35.0 0.05392355397049107 13.0 11 5.5 7.5 5.0 2.7 3.00 0.981 2.02 0.00 1.42 297 63.5 6.15e+03 23.5 78.4 450 105 2.24e+04 0.0350 150 1.86e+03 383 3.03e+05 98.2 551
340.06460426246406 52 10.525799802725665 34.251393686110035 35.0 0.05392355397049107 13.0 11 5.5 7.5 5.0 2.7 3.00 0.981 2.02 0.00 1.42 297 63.5 6.15e+03 23.5 78.4 450 105 2.24e+04 0.0350 150 1.86e+03 383 3.03e+05 98.2 551
341.06460426246406 52 10.525799802725665 34.251393686110035 35.0 0.05392355397049107 13.0 11 5.5 7.5 5.0 2.7 3.00 0.981 2.02 0.00 1.42 297 63.5 6.15e+03 23.5 78.4 450 105 2.24e+04 0.0350 150 1.86e+03 383 3.03e+05 98.2 551
342.06460426246406 52 10.525799802725665 34.251393686110035 35.0 0.05392355397049107 13.0 11 5.5 7.5 5.0 2.7 3.00 0.981 2.02 0.00 1.42 297 63.5 6.15e+03 23.5 78.4 450 105 2.24e+04 0.0350 150 1.86e+03 383 3.03e+05 98.2 551
343.06460426246406 52 10.525799802725665 34.251393686110035 35.0 0.05392355397049107 13.0 11 5.5 7.5 5.0 2.7 3.00 0.981 2.02 0.00 1.42 297 63.5 6.15e+03 23.5 78.4 450 105 2.24e+04 0.0350 150 1.86e+03 383 3.03e+05 98.2 551
344.06460426246406 52 10.525799802725665 34.251393686110035 35.0 0.05392355397049107 13.0 11 5.5 7.5 5.0 2.7 3.00 0.981 2.02 0.00 1.42 297 63.5 6.15e+03 23.5 78.4 450 105 2.24e+04 0.0350 150 1.86e+03 383 3.03e+05 98.2 551
345.06460426246406 52 10.525799802725665 34.251393686110035 35.0 0.05392355397049107 13.0 11 5.5 7.5 5.0 2.7 3.00 0.981 2.02 0.00 1.42 297 63.5 6.15e+03 23.5 78.4 450 105 2.24e+04 0.0350 150 1.86e+03 383 3.03e+05 98.2 551
346.06460426246406 52 10.525799802725665 34.251393686110035 35.0 0.05392355397049107 13.0 11 5.5 7.5 5.0 2.7 3.00 0.981 2.02 0.00 1.42 297 63.5 6.15e+03 23.5 78.4 450 105 2.24e+04 0.0350 150 1.86e+03 383 3.03e+05 98.2 551
347.06460426246406 52 10.525799802725665 34.251393686110035 35.0 0.05392355397049107 13.0 11 5.5 7.5 5.0 2.7 3.00 0.981 2.02 0.00 1.42 297 63.5 6.15e+03 23.5 78.4 450 105 2.24e+04 0.0350 150 1.86e+03 383 3.03e+05 98.2 551
348.06460426246406 52 10.525799802725665 34.251393686110035 35.0 0.05392355397049107 13.0 11 5.5 7.5 5.0 2.7 3.00 0.981 2.02 0.00 1.42 297 63.5 6.15e+03 23.5 78.4 450 105 2.24e+04 0.0350 150 1.86e+03 383 3.03e+05 98.2 551
349.06460426246406 52 10.525799802725665 34.251393686110035 35.0 0.05392355397049107 13.0 11 5.5 7.5 5.0 2.7 3.00 0.981 2.02 0.00 1.42 297 63.5 6.15e+03 23.5 78.4 450 105 2.24e+04 0.0350 150 1.86e+03 383 3.03e+05 98.2 551
350.06460426246406 52 10.525799802725665 34.251393686110035 35.0 0.05392355397049107 13.0 11 5.5 7.5 5.0 2.7 3.00 0.981 2.02 0.00 1.42 297 63.5 6.15e+03 23.5 78.4 450 105 2.24e+04 0.0350 150 1.86e+03 383 3.03e+05 98.2 551
351.06460426246406 52 10.525799802725665 34.251393686110035 35.0 0.05392355397049107 13.0 11 5.5 7.5 5.0 2.7 3.00 0.981 2.02 0.00 1.42 297 63.5 6.15e+03 23.5 78.4 450 105 2.24e+04 0.0350 150 1.86e+03 383 3.03e+05 98.2 551
352.06460426246406 52 10.525799802725665 34.251393686110035 35.0 0.05392355397049107 13.0 11 5.5 7.5 5.0 2.7 3.00 0.981 2.02 0.00 1.42 297 63.5 6.15e+03 23.5 78.4 450 105 2.24e+04 0.0350 150 1.86e+03 383 3.03e+05 98.2 551
353.06460426246406 52 10.525799802725665 34.251393686110035 35.0 0.05392355397049107 13.0 11 5.5 7.5 5.0 2.7 3.00 0.981 2.02 0.00 1.42 297 63.5 6.15e+03 23.5 78.4 450 105 2.24e+04 0.0350 150 1.86e+03 383 3.03e+05 98.2 551
354.06460426246406 52 10.525799802725665 34.251393686110035 35.0 0.05392355397049107 13.0 11 5.5 7.5 5.0 2.7 3.00 0.981 2.02 0.00 1.42 297 63.5 6.15e+03 23.5 78.4 450 105 2.24e+04 0.0350 150 1.86e+03 383 3.03e+05 98.2 551
355.06460426246406 52 10.525799802725665 34.251393686110035 35.0 0.05392355397049107 13.0 11 5.5 7.5 5.0 2.7 3.00 0.981 2.02 0.00 1.42 297 63.5 6.15e+03 23.5 78.4 450 105 2.24e+04 0.0350 150 1.86e+03 383 3.03e+05 98.2 551
356.06460426246406 52 10.525799802725665 34.251393686110035 35.0 0.05392355397049107 13.0 11 5.5 7.5 5.0 2.7 3.00 0.981 2.02 0.00 1.42 297 63.5 6.15e+03 23.5 78.4 450 105 2.24e+04 0.0350 150 1.86e+03 383 3.03e+05 98.2 551
357.06460426246406 52 10.525799802725665 34.251393686110035 35.0 0.05392355397049107 13.0 11 5.5 7.5 5.0 2.7 3.00 0.981 2.02 0.00 1.42 297 63.5 6.15e+03 23.5 78.4 450 105 2.24e+04 0.0350 150 1.86e+03 383 3.03e+05 98.2 551
358.06460426246406 52 10.525799802725665 34.251393686110035 35.0 0.05392355397049107 13.0 11 5.5 7.5 5.0 2.7 3.00 0.981 2.02 0.00 1.42 297 63.5 6.15e+03 23.5 78.4 450 105 2.24e+04 0.0350 150 1.86e+03 383 3.03e+05 98.2 551
359.06460426246406 52 10.525799802725665 34.251393686110035 35.0 0.05392355397049107 13.0 11 5.5 7.5 5.0 2.7 3.00 0.981 2.02 0.00 1.42 297 63.5 6.15e+03 23.5 78.4 451 106 2.29e+04 0.0350 151 1.86e+03 383 3.03e+05 98.2 551
360.06460426246406 52 10.525799802725665 34.251393686110035 35.0 0.05392355397049107 13.0 11 5.5 7.5 5.0 2.7 3.00 0.981 2.02 0.00 1.42 297 63.5 6.15e+03 23.5 78.4 450 75.6 1.52e+04 0.0331 123 1.86e+03 383 3.03e+05 98.2 551
361.06460426246406 52 10.525799802725665 34.251393686110035 35.0 0.05392355397049107 13.0 11 5.5 7.5 5.0 2.7 3.00 0.981 2.02 0.00 1.42 297 63.5 6.15e+03 23.5 78.4 450 75.6 1.52e+04 0.0331 123 1.86e+03 383 3.03e+05 98.2 551
362.06460426246406 52 10.525799802725665 34.251393686110035 35.0 0.05392355397049107 13.0 11 5.5 7.5 5.0 2.7 3.00 0.981 2.02 0.00 1.42 297 63.5 6.15e+03 23.5 78.4 450 75.6 1.52e+04 0.0331 123 1.86e+03 383 3.03e+05 98.2 551
363.06460426246406 52 10.525799802725665 34.251393686110035 35.0 0.05392355397049107 13.0 11 5.5 7.5 5.0 2.7 3.00 0.981 2.02 0.00 1.42 297 63.5 6.15e+03 23.5 78.4 450 75.6 1.52e+04 0.0331 123 1.86e+03 383 3.03e+05 98.2 551
364.06460426246406 52 10.525799802725665 34.251393686110035 35.0 0.05392355397049107 13.0 11 5.5 7.5 5.0 2.7 3.00 0.981 2.02 0.00 1.42 297 63.5 6.15e+03 23.5 78.4 450 75.6 1.52e+04 0.0331 123 1.86e+03 383 3.03e+05 98.2 551
#####################################################################
# End of data export. Simulation finished at: 2025-03-20T15:40+0000 #
#####################################################################
